0000 10101010 11000000 11000000
0000 11010110 00010001 00010001
0000 11111001 00111011 00111011
0000 00011110 11110110 11110110
0000 10100010 10110000 10110000
0000 11111011 00000100 00000100
0000 11111010 01101110 01101110
0000 11101010 10001001 10001001
0000 01101110 10100101 10100101
0000 11110100 00101010 00101010
0000 00111001 11011101 11011101
0000 11101100 11101111 11101111
0000 11011101 00001001 00001001
0000 10011111 11011010 11011010
0000 01111011 00111100 00111100
0000 01001111 11111001 11111001
0000 11001100 00000110 00000110
0000 11010101 10001010 10001010
0000 01110100 01100100 01100100
0000 01110000 00111100 00111100
0000 00111100 00010000 00010000
0000 11100000 10111011 10111011
0000 00100100 00001101 00001101
0000 00010010 11111000 11111000
0000 11110100 00100110 00100110
0000 10111101 00101100 00101100
0000 01111011 01100100 01100100
0000 11100111 10101101 10101101
0000 01111110 10001101 10001101
0000 00001110 01001000 01001000
0000 00011001 01001011 01001011
0000 11000000 11000011 11000011
0000 01100001 10010000 10010000
0000 01010111 01001000 01001000
0000 01100001 01001011 01001011
0000 00111100 01100111 01100111
0000 01010011 11100100 11100100
0000 00110110 00100001 00100001
0000 01111101 01000000 01000000
0000 01000010 01111011 01111011
0000 10111011 11101101 11101101
0000 10110101 11010011 11010011
0000 11000100 11100101 11100101
0000 00101011 00111010 00111010
0000 11001010 01000100 01000100
0000 11001101 01000100 01000100
0000 10101101 11001010 11001010
0000 11100000 10000010 10000010
0000 11001001 01000111 01000111
0000 10110011 01011000 01011000
0000 10111101 11000001 11000001
0000 00101010 10111111 10111111
0000 10011010 00000010 00000010
0000 10111001 11000110 11000110
0000 01110011 01101001 01101001
0000 00100101 00110101 00110101
0000 10000111 01100100 01100100
0000 11011111 00000010 00000010
0000 00100000 10110110 10110110
0000 01110010 11110011 11110011
0000 11100010 10000010 10000010
0000 11000000 01010000 01010000
0000 00110110 11010001 11010001
0000 11101101 00011110 00011110
0000 00001011 11111010 11111010
0000 01101001 11110101 11110101
0000 11000111 10000011 10000011
0000 11100011 01011011 01011011
0000 00001101 11001100 11001100
0000 01010010 00001101 00001101
0000 01101011 10111100 10111100
0000 10111111 11001000 11001000
0000 01111000 00001111 00001111
0000 11110001 00100111 00100111
0000 11101010 10000101 10000101
0000 01111000 11010011 11010011
0000 01001000 10100010 10100010
0000 00001110 10000101 10000101
0000 11111000 11101011 11101011
0000 00110000 10101110 10101110
0000 00010101 10001110 10001110
0000 10101100 01001011 01001011
0000 11110110 10101011 10101011
0000 11111100 01100100 01100100
0000 01001001 11101000 11101000
0000 11010010 00100000 00100000
0000 11001101 01100011 01100011
0000 01111011 11001111 11001111
0000 00111110 10001001 10001001
0000 10100111 10110100 10110100
0000 00001001 10100110 10100110
0000 00000100 11100010 11100010
0000 00011110 01101111 01101111
0000 01100110 10111110 10111110
0000 11100110 01100101 01100101
0000 00000001 00001011 00001011
0000 10000100 10011000 10011000
0000 01101010 11010101 11010101
0000 01101011 10111000 10111000
0000 11110011 10000100 10000100

0001 10101010 11000000 01101010
0001 11010110 00010001 11100111
0001 11111001 00111011 00110100
0001 00011110 11110110 00010100
0001 10100010 10110000 01010010
0001 11111011 00000100 11111111
0001 11111010 01101110 01101000
0001 11101010 10001001 01110011
0001 01101110 10100101 00010011
0001 11110100 00101010 00011110
0001 00111001 11011101 00010110
0001 11101100 11101111 11011011
0001 11011101 00001001 11100110
0001 10011111 11011010 01111001
0001 01111011 00111100 10110111
0001 01001111 11111001 01001000
0001 11001100 00000110 11010010
0001 11010101 10001010 01011111
0001 01110100 01100100 11011000
0001 01110000 00111100 10101100
0001 00111100 00010000 01001100
0001 11100000 10111011 10011011
0001 00100100 00001101 00110001
0001 00010010 11111000 00001010
0001 11110100 00100110 00011010
0001 10111101 00101100 11101001
0001 01111011 01100100 11011111
0001 11100111 10101101 10010100
0001 01111110 10001101 00001011
0001 00001110 01001000 01010110
0001 00011001 01001011 01100100
0001 11000000 11000011 10000011
0001 01100001 10010000 11110001
0001 01010111 01001000 10011111
0001 01100001 01001011 10101100
0001 00111100 01100111 10100011
0001 01010011 11100100 00110111
0001 00110110 00100001 01010111
0001 01111101 01000000 10111101
0001 01000010 01111011 10111101
0001 10111011 11101101 10101000
0001 10110101 11010011 10001000
0001 11000100 11100101 10101001
0001 00101011 00111010 01100101
0001 11001010 01000100 00001110
0001 11001101 01000100 00010001
0001 10101101 11001010 01110111
0001 11100000 10000010 01100010
0001 11001001 01000111 00010000
0001 10110011 01011000 00001011
0001 10111101 11000001 01111110
0001 00101010 10111111 11101001
0001 10011010 00000010 10011100
0001 10111001 11000110 01111111
0001 01110011 01101001 11011100
0001 00100101 00110101 01011010
0001 10000111 01100100 11101011
0001 11011111 00000010 11100001
0001 00100000 10110110 11010110
0001 01110010 11110011 01100101
0001 11100010 10000010 01100100
0001 11000000 01010000 00010000
0001 00110110 11010001 00000111
0001 11101101 00011110 00001011
0001 00001011 11111010 00000101
0001 01101001 11110101 01011110
0001 11000111 10000011 01001010
0001 11100011 01011011 00111110
0001 00001101 11001100 11011001
0001 01010010 00001101 01011111
0001 01101011 10111100 00100111
0001 10111111 11001000 10000111
0001 01111000 00001111 10000111
0001 11110001 00100111 00011000
0001 11101010 10000101 01101111
0001 01111000 11010011 01001011
0001 01001000 10100010 11101010
0001 00001110 10000101 10010011
0001 11111000 11101011 11100011
0001 00110000 10101110 11011110
0001 00010101 10001110 10100011
0001 10101100 01001011 11110111
0001 11110110 10101011 10100001
0001 11111100 01100100 01100000
0001 01001001 11101000 00110001
0001 11010010 00100000 11110010
0001 11001101 01100011 00110000
0001 01111011 11001111 01001010
0001 00111110 10001001 11000111
0001 10100111 10110100 01011011
0001 00001001 10100110 10101111
0001 00000100 11100010 11100110
0001 00011110 01101111 10001101
0001 01100110 10111110 00100100
0001 11100110 01100101 01001011
0001 00000001 00001011 00001100
0001 10000100 10011000 00011100
0001 01101010 11010101 00111111
0001 01101011 10111000 00100011
0001 11110011 10000100 01110111

0010 10101010 11000000 11101010
0010 11010110 00010001 11000101
0010 11111001 00111011 10111110
0010 00011110 11110110 00101000
0010 10100010 10110000 11110010
0010 11111011 00000100 11110111
0010 11111010 01101110 10001100
0010 11101010 10001001 01100001
0010 01101110 10100101 11001001
0010 11110100 00101010 11001010
0010 00111001 11011101 01011100
0010 11101100 11101111 11111101
0010 11011101 00001001 11010100
0010 10011111 11011010 11000101
0010 01111011 00111100 00111111
0010 01001111 11111001 01010110
0010 11001100 00000110 11000110
0010 11010101 10001010 01001011
0010 01110100 01100100 00010000
0010 01110000 00111100 00110100
0010 00111100 00010000 00101100
0010 11100000 10111011 00100101
0010 00100100 00001101 00010111
0010 00010010 11111000 00011010
0010 11110100 00100110 11001110
0010 10111101 00101100 10010001
0010 01111011 01100100 00010111
0010 11100111 10101101 00111010
0010 01111110 10001101 11110001
0010 00001110 01001000 11000110
0010 00011001 01001011 11001110
0010 11000000 11000011 11111101
0010 01100001 10010000 11010001
0010 01010111 01001000 00001111
0010 01100001 01001011 00010110
0010 00111100 01100111 11010101
0010 01010011 11100100 01101111
0010 00110110 00100001 00010101
0010 01111101 01000000 00111101
0010 01000010 01111011 11000111
0010 10111011 11101101 11001110
0010 10110101 11010011 11100010
0010 11000100 11100101 11011111
0010 00101011 00111010 11110001
0010 11001010 01000100 10000110
0010 11001101 01000100 10001001
0010 10101101 11001010 11100011
0010 11100000 10000010 01011110
0010 11001001 01000111 10000010
0010 10110011 01011000 01011011
0010 10111101 11000001 11111100
0010 00101010 10111111 01101011
0010 10011010 00000010 10011000
0010 10111001 11000110 11110011
0010 01110011 01101001 00001010
0010 00100101 00110101 11110000
0010 10000111 01100100 00100011
0010 11011111 00000010 11011101
0010 00100000 10110110 01101010
0010 01110010 11110011 01111111
0010 11100010 10000010 01100000
0010 11000000 01010000 01110000
0010 00110110 11010001 01100101
0010 11101101 00011110 11001111
0010 00001011 11111010 00010001
0010 01101001 11110101 01110100
0010 11000111 10000011 01000100
0010 11100011 01011011 10001000
0010 00001101 11001100 01000001
0010 01010010 00001101 01000101
0010 01101011 10111100 10101111
0010 10111111 11001000 11110111
0010 01111000 00001111 01101001
0010 11110001 00100111 11001010
0010 11101010 10000101 01100101
0010 01111000 11010011 10100101
0010 01001000 10100010 10100110
0010 00001110 10000101 10001001
0010 11111000 11101011 00001101
0010 00110000 10101110 10000010
0010 00010101 10001110 10000111
0010 10101100 01001011 01100001
0010 11110110 10101011 01001011
0010 11111100 01100100 10011000
0010 01001001 11101000 01100001
0010 11010010 00100000 10110010
0010 11001101 01100011 01101010
0010 01111011 11001111 10101100
0010 00111110 10001001 10110101
0010 10100111 10110100 11110011
0010 00001001 10100110 01100011
0010 00000100 11100010 00100010
0010 00011110 01101111 10101111
0010 01100110 10111110 10101000
0010 11100110 01100101 10000001
0010 00000001 00001011 11110110
0010 10000100 10011000 11101100
0010 01101010 11010101 10010101
0010 01101011 10111000 10110011
0010 11110011 10000100 01101111

0011 10101010 11000000 10101010
0011 11010110 00010001 11010110
0011 11111001 00111011 11111001
0011 00011110 11110110 00011110
0011 10100010 10110000 10100010
0011 11111011 00000100 11111011
0011 11111010 01101110 11111010
0011 11101010 10001001 11101010
0011 01101110 10100101 01101110
0011 11110100 00101010 11110100
0011 00111001 11011101 00111001
0011 11101100 11101111 11101100
0011 11011101 00001001 11011101
0011 10011111 11011010 10011111
0011 01111011 00111100 01111011
0011 01001111 11111001 01001111
0011 11001100 00000110 11001100
0011 11010101 10001010 11010101
0011 01110100 01100100 01110100
0011 01110000 00111100 01110000
0011 00111100 00010000 00111100
0011 11100000 10111011 11100000
0011 00100100 00001101 00100100
0011 00010010 11111000 00010010
0011 11110100 00100110 11110100
0011 10111101 00101100 10111101
0011 01111011 01100100 01111011
0011 11100111 10101101 11100111
0011 01111110 10001101 01111110
0011 00001110 01001000 00001110
0011 00011001 01001011 00011001
0011 11000000 11000011 11000000
0011 01100001 10010000 01100001
0011 01010111 01001000 01010111
0011 01100001 01001011 01100001
0011 00111100 01100111 00111100
0011 01010011 11100100 01010011
0011 00110110 00100001 00110110
0011 01111101 01000000 01111101
0011 01000010 01111011 01000010
0011 10111011 11101101 10111011
0011 10110101 11010011 10110101
0011 11000100 11100101 11000100
0011 00101011 00111010 00101011
0011 11001010 01000100 11001010
0011 11001101 01000100 11001101
0011 10101101 11001010 10101101
0011 11100000 10000010 11100000
0011 11001001 01000111 11001001
0011 10110011 01011000 10110011
0011 10111101 11000001 10111101
0011 00101010 10111111 00101010
0011 10011010 00000010 10011010
0011 10111001 11000110 10111001
0011 01110011 01101001 01110011
0011 00100101 00110101 00100101
0011 10000111 01100100 10000111
0011 11011111 00000010 11011111
0011 00100000 10110110 00100000
0011 01110010 11110011 01110010
0011 11100010 10000010 11100010
0011 11000000 01010000 11000000
0011 00110110 11010001 00110110
0011 11101101 00011110 11101101
0011 00001011 11111010 00001011
0011 01101001 11110101 01101001
0011 11000111 10000011 11000111
0011 11100011 01011011 11100011
0011 00001101 11001100 00001101
0011 01010010 00001101 01010010
0011 01101011 10111100 01101011
0011 10111111 11001000 10111111
0011 01111000 00001111 01111000
0011 11110001 00100111 11110001
0011 11101010 10000101 11101010
0011 01111000 11010011 01111000
0011 01001000 10100010 01001000
0011 00001110 10000101 00001110
0011 11111000 11101011 11111000
0011 00110000 10101110 00110000
0011 00010101 10001110 00010101
0011 10101100 01001011 10101100
0011 11110110 10101011 11110110
0011 11111100 01100100 11111100
0011 01001001 11101000 01001001
0011 11010010 00100000 11010010
0011 11001101 01100011 11001101
0011 01111011 11001111 01111011
0011 00111110 10001001 00111110
0011 10100111 10110100 10100111
0011 00001001 10100110 00001001
0011 00000100 11100010 00000100
0011 00011110 01101111 00011110
0011 01100110 10111110 01100110
0011 11100110 01100101 11100110
0011 00000001 00001011 00000001
0011 10000100 10011000 10000100
0011 01101010 11010101 01101010
0011 01101011 10111000 01101011
0011 11110011 10000100 11110011

0100 10101010 11000000 10000000
0100 11010110 00010001 00010000
0100 11111001 00111011 00111001
0100 00011110 11110110 00010110
0100 10100010 10110000 10100000
0100 11111011 00000100 00000000
0100 11111010 01101110 01101010
0100 11101010 10001001 10001000
0100 01101110 10100101 00100100
0100 11110100 00101010 00100000
0100 00111001 11011101 00011001
0100 11101100 11101111 11101100
0100 11011101 00001001 00001001
0100 10011111 11011010 10011010
0100 01111011 00111100 00111000
0100 01001111 11111001 01001001
0100 11001100 00000110 00000100
0100 11010101 10001010 10000000
0100 01110100 01100100 01100100
0100 01110000 00111100 00110000
0100 00111100 00010000 00010000
0100 11100000 10111011 10100000
0100 00100100 00001101 00000100
0100 00010010 11111000 00010000
0100 11110100 00100110 00100100
0100 10111101 00101100 00101100
0100 01111011 01100100 01100000
0100 11100111 10101101 10100101
0100 01111110 10001101 00001100
0100 00001110 01001000 00001000
0100 00011001 01001011 00001001
0100 11000000 11000011 11000000
0100 01100001 10010000 00000000
0100 01010111 01001000 01000000
0100 01100001 01001011 01000001
0100 00111100 01100111 00100100
0100 01010011 11100100 01000000
0100 00110110 00100001 00100000
0100 01111101 01000000 01000000
0100 01000010 01111011 01000010
0100 10111011 11101101 10101001
0100 10110101 11010011 10010001
0100 11000100 11100101 11000100
0100 00101011 00111010 00101010
0100 11001010 01000100 01000000
0100 11001101 01000100 01000100
0100 10101101 11001010 10001000
0100 11100000 10000010 10000000
0100 11001001 01000111 01000001
0100 10110011 01011000 00010000
0100 10111101 11000001 10000001
0100 00101010 10111111 00101010
0100 10011010 00000010 00000010
0100 10111001 11000110 10000000
0100 01110011 01101001 01100001
0100 00100101 00110101 00100101
0100 10000111 01100100 00000100
0100 11011111 00000010 00000010
0100 00100000 10110110 00100000
0100 01110010 11110011 01110010
0100 11100010 10000010 10000010
0100 11000000 01010000 01000000
0100 00110110 11010001 00010000
0100 11101101 00011110 00001100
0100 00001011 11111010 00001010
0100 01101001 11110101 01100001
0100 11000111 10000011 10000011
0100 11100011 01011011 01000011
0100 00001101 11001100 00001100
0100 01010010 00001101 00000000
0100 01101011 10111100 00101000
0100 10111111 11001000 10001000
0100 01111000 00001111 00001000
0100 11110001 00100111 00100001
0100 11101010 10000101 10000000
0100 01111000 11010011 01010000
0100 01001000 10100010 00000000
0100 00001110 10000101 00000100
0100 11111000 11101011 11101000
0100 00110000 10101110 00100000
0100 00010101 10001110 00000100
0100 10101100 01001011 00001000
0100 11110110 10101011 10100010
0100 11111100 01100100 01100100
0100 01001001 11101000 01001000
0100 11010010 00100000 00000000
0100 11001101 01100011 01000001
0100 01111011 11001111 01001011
0100 00111110 10001001 00001000
0100 10100111 10110100 10100100
0100 00001001 10100110 00000000
0100 00000100 11100010 00000000
0100 00011110 01101111 00001110
0100 01100110 10111110 00100110
0100 11100110 01100101 01100100
0100 00000001 00001011 00000001
0100 10000100 10011000 10000000
0100 01101010 11010101 01000000
0100 01101011 10111000 00101000
0100 11110011 10000100 10000000

0101 10101010 11000000 11101010
0101 11010110 00010001 11010111
0101 11111001 00111011 11111011
0101 00011110 11110110 11111110
0101 10100010 10110000 10110010
0101 11111011 00000100 11111111
0101 11111010 01101110 11111110
0101 11101010 10001001 11101011
0101 01101110 10100101 11101111
0101 11110100 00101010 11111110
0101 00111001 11011101 11111101
0101 11101100 11101111 11101111
0101 11011101 00001001 11011101
0101 10011111 11011010 11011111
0101 01111011 00111100 01111111
0101 01001111 11111001 11111111
0101 11001100 00000110 11001110
0101 11010101 10001010 11011111
0101 01110100 01100100 01110100
0101 01110000 00111100 01111100
0101 00111100 00010000 00111100
0101 11100000 10111011 11111011
0101 00100100 00001101 00101101
0101 00010010 11111000 11111010
0101 11110100 00100110 11110110
0101 10111101 00101100 10111101
0101 01111011 01100100 01111111
0101 11100111 10101101 11101111
0101 01111110 10001101 11111111
0101 00001110 01001000 01001110
0101 00011001 01001011 01011011
0101 11000000 11000011 11000011
0101 01100001 10010000 11110001
0101 01010111 01001000 01011111
0101 01100001 01001011 01101011
0101 00111100 01100111 01111111
0101 01010011 11100100 11110111
0101 00110110 00100001 00110111
0101 01111101 01000000 01111101
0101 01000010 01111011 01111011
0101 10111011 11101101 11111111
0101 10110101 11010011 11110111
0101 11000100 11100101 11100101
0101 00101011 00111010 00111011
0101 11001010 01000100 11001110
0101 11001101 01000100 11001101
0101 10101101 11001010 11101111
0101 11100000 10000010 11100010
0101 11001001 01000111 11001111
0101 10110011 01011000 11111011
0101 10111101 11000001 11111101
0101 00101010 10111111 10111111
0101 10011010 00000010 10011010
0101 10111001 11000110 11111111
0101 01110011 01101001 01111011
0101 00100101 00110101 00110101
0101 10000111 01100100 11100111
0101 11011111 00000010 11011111
0101 00100000 10110110 10110110
0101 01110010 11110011 11110011
0101 11100010 10000010 11100010
0101 11000000 01010000 11010000
0101 00110110 11010001 11110111
0101 11101101 00011110 11111111
0101 00001011 11111010 11111011
0101 01101001 11110101 11111101
0101 11000111 10000011 11000111
0101 11100011 01011011 11111011
0101 00001101 11001100 11001101
0101 01010010 00001101 01011111
0101 01101011 10111100 11111111
0101 10111111 11001000 11111111
0101 01111000 00001111 01111111
0101 11110001 00100111 11110111
0101 11101010 10000101 11101111
0101 01111000 11010011 11111011
0101 01001000 10100010 11101010
0101 00001110 10000101 10001111
0101 11111000 11101011 11111011
0101 00110000 10101110 10111110
0101 00010101 10001110 10011111
0101 10101100 01001011 11101111
0101 11110110 10101011 11111111
0101 11111100 01100100 11111100
0101 01001001 11101000 11101001
0101 11010010 00100000 11110010
0101 11001101 01100011 11101111
0101 01111011 11001111 11111111
0101 00111110 10001001 10111111
0101 10100111 10110100 10110111
0101 00001001 10100110 10101111
0101 00000100 11100010 11100110
0101 00011110 01101111 01111111
0101 01100110 10111110 11111110
0101 11100110 01100101 11100111
0101 00000001 00001011 00001011
0101 10000100 10011000 10011100
0101 01101010 11010101 11111111
0101 01101011 10111000 11111011
0101 11110011 10000100 11110111

0110 10101010 11000000 01101010
0110 11010110 00010001 11000111
0110 11111001 00111011 11000010
0110 00011110 11110110 11101000
0110 10100010 10110000 00010010
0110 11111011 00000100 11111111
0110 11111010 01101110 10010100
0110 11101010 10001001 01100011
0110 01101110 10100101 11001011
0110 11110100 00101010 11011110
0110 00111001 11011101 11100100
0110 11101100 11101111 00000011
0110 11011101 00001001 11010100
0110 10011111 11011010 01000101
0110 01111011 00111100 01000111
0110 01001111 11111001 10110110
0110 11001100 00000110 11001010
0110 11010101 10001010 01011111
0110 01110100 01100100 00010000
0110 01110000 00111100 01001100
0110 00111100 00010000 00101100
0110 11100000 10111011 01011011
0110 00100100 00001101 00101001
0110 00010010 11111000 11101010
0110 11110100 00100110 11010010
0110 10111101 00101100 10010001
0110 01111011 01100100 00011111
0110 11100111 10101101 01001010
0110 01111110 10001101 11110011
0110 00001110 01001000 01000110
0110 00011001 01001011 01010010
0110 11000000 11000011 00000011
0110 01100001 10010000 11110001
0110 01010111 01001000 00011111
0110 01100001 01001011 00101010
0110 00111100 01100111 01011011
0110 01010011 11100100 10110111
0110 00110110 00100001 00010111
0110 01111101 01000000 00111101
0110 01000010 01111011 00111001
0110 10111011 11101101 01010110
0110 10110101 11010011 01100110
0110 11000100 11100101 00100001
0110 00101011 00111010 00010001
0110 11001010 01000100 10001110
0110 11001101 01000100 10001001
0110 10101101 11001010 01100111
0110 11100000 10000010 01100010
0110 11001001 01000111 10001110
0110 10110011 01011000 11101011
0110 10111101 11000001 01111100
0110 00101010 10111111 10010101
0110 10011010 00000010 10011000
0110 10111001 11000110 01111111
0110 01110011 01101001 00011010
0110 00100101 00110101 00010000
0110 10000111 01100100 11100011
0110 11011111 00000010 11011101
0110 00100000 10110110 10010110
0110 01110010 11110011 10000001
0110 11100010 10000010 01100000
0110 11000000 01010000 10010000
0110 00110110 11010001 11100111
0110 11101101 00011110 11110011
0110 00001011 11111010 11110001
0110 01101001 11110101 10011100
0110 11000111 10000011 01000100
0110 11100011 01011011 10111000
0110 00001101 11001100 11000001
0110 01010010 00001101 01011111
0110 01101011 10111100 11010111
0110 10111111 11001000 01110111
0110 01111000 00001111 01110111
0110 11110001 00100111 11010110
0110 11101010 10000101 01101111
0110 01111000 11010011 10101011
0110 01001000 10100010 11101010
0110 00001110 10000101 10001011
0110 11111000 11101011 00010011
0110 00110000 10101110 10011110
0110 00010101 10001110 10011011
0110 10101100 01001011 11100111
0110 11110110 10101011 01011101
0110 11111100 01100100 10011000
0110 01001001 11101000 10100001
0110 11010010 00100000 11110010
0110 11001101 01100011 10101110
0110 01111011 11001111 10110100
0110 00111110 10001001 10110111
0110 10100111 10110100 00010011
0110 00001001 10100110 10101111
0110 00000100 11100010 11100110
0110 00011110 01101111 01110001
0110 01100110 10111110 11011000
0110 11100110 01100101 10000011
0110 00000001 00001011 00001010
0110 10000100 10011000 00011100
0110 01101010 11010101 10111111
0110 01101011 10111000 11010011
0110 11110011 10000100 01110111

0111 10101010 11000000 00111111
0111 11010110 00010001 11101110
0111 11111001 00111011 11000100
0111 00011110 11110110 00001001
0111 10100010 10110000 01001111
0111 11111011 00000100 11111011
0111 11111010 01101110 10010001
0111 11101010 10001001 01110110
0111 01101110 10100101 01011010
0111 11110100 00101010 11010101
0111 00111001 11011101 00100010
0111 11101100 11101111 00010000
0111 11011101 00001001 11110110
0111 10011111 11011010 00100101
0111 01111011 00111100 11000011
0111 01001111 11111001 00000110
0111 11001100 00000110 11111001
0111 11010101 10001010 01110101
0111 01110100 01100100 10011011
0111 01110000 00111100 11000011
0111 00111100 00010000 11101111
0111 11100000 10111011 01000100
0111 00100100 00001101 11110010
0111 00010010 11111000 00000111
0111 11110100 00100110 11011001
0111 10111101 00101100 11010011
0111 01111011 01100100 10011011
0111 11100111 10101101 01010010
0111 01111110 10001101 01110010
0111 00001110 01001000 10110111
0111 00011001 01001011 10110100
0111 11000000 11000011 00111100
0111 01100001 10010000 01101111
0111 01010111 01001000 10110111
0111 01100001 01001011 10110100
0111 00111100 01100111 10011000
0111 01010011 11100100 00011011
0111 00110110 00100001 11011110
0111 01111101 01000000 10111111
0111 01000010 01111011 10000100
0111 10111011 11101101 00010010
0111 10110101 11010011 00101100
0111 11000100 11100101 00011010
0111 00101011 00111010 11000101
0111 11001010 01000100 10111011
0111 11001101 01000100 10111011
0111 10101101 11001010 00110101
0111 11100000 10000010 01111101
0111 11001001 01000111 10111000
0111 10110011 01011000 10100111
0111 10111101 11000001 00111110
0111 00101010 10111111 01000000
0111 10011010 00000010 11111101
0111 10111001 11000110 00111001
0111 01110011 01101001 10010110
0111 00100101 00110101 11001010
0111 10000111 01100100 10011011
0111 11011111 00000010 11111101
0111 00100000 10110110 01001001
0111 01110010 11110011 00001100
0111 11100010 10000010 01111101
0111 11000000 01010000 10101111
0111 00110110 11010001 00101110
0111 11101101 00011110 11100001
0111 00001011 11111010 00000101
0111 01101001 11110101 00001010
0111 11000111 10000011 01111100
0111 11100011 01011011 10100100
0111 00001101 11001100 00110011
0111 01010010 00001101 11110010
0111 01101011 10111100 01000011
0111 10111111 11001000 00110111
0111 01111000 00001111 11110000
0111 11110001 00100111 11011000
0111 11101010 10000101 01111010
0111 01111000 11010011 00101100
0111 01001000 10100010 01011101
0111 00001110 10000101 01111010
0111 11111000 11101011 00010100
0111 00110000 10101110 01010001
0111 00010101 10001110 01110001
0111 10101100 01001011 10110100
0111 11110110 10101011 01010100
0111 11111100 01100100 10011011
0111 01001001 11101000 00010111
0111 11010010 00100000 11011111
0111 11001101 01100011 10011100
0111 01111011 11001111 00110000
0111 00111110 10001001 01110110
0111 10100111 10110100 01001011
0111 00001001 10100110 01011001
0111 00000100 11100010 00011101
0111 00011110 01101111 10010000
0111 01100110 10111110 01000001
0111 11100110 01100101 10011010
0111 00000001 00001011 11110100
0111 10000100 10011000 01100111
0111 01101010 11010101 00101010
0111 01101011 10111000 01000111
0111 11110011 10000100 01111011

1000 10101010 11000000 01010101
1000 11010110 00010001 10101101
1000 11111001 00111011 11110011
1000 00011110 11110110 00111101
1000 10100010 10110000 01000100
1000 11111011 00000100 11110110
1000 11111010 01101110 11110101
1000 11101010 10001001 11010101
1000 01101110 10100101 11011101
1000 11110100 00101010 11101001
1000 00111001 11011101 01110011
1000 11101100 11101111 11011001
1000 11011101 00001001 10111011
1000 10011111 11011010 00111111
1000 01111011 00111100 11110111
1000 01001111 11111001 10011111
1000 11001100 00000110 10011000
1000 11010101 10001010 10101010
1000 01110100 01100100 11101001
1000 01110000 00111100 11100001
1000 00111100 00010000 01111000
1000 11100000 10111011 11000000
1000 00100100 00001101 01001001
1000 00010010 11111000 00100101
1000 11110100 00100110 11101000
1000 10111101 00101100 01111010
1000 01111011 01100100 11110111
1000 11100111 10101101 11001111
1000 01111110 10001101 11111101
1000 00001110 01001000 00011101
1000 00011001 01001011 00110010
1000 11000000 11000011 10000000
1000 01100001 10010000 11000011
1000 01010111 01001000 10101111
1000 01100001 01001011 11000010
1000 00111100 01100111 01111000
1000 01010011 11100100 10100110
1000 00110110 00100001 01101100
1000 01111101 01000000 11111010
1000 01000010 01111011 10000100
1000 10111011 11101101 01110110
1000 10110101 11010011 01101010
1000 11000100 11100101 10001001
1000 00101011 00111010 01010111
1000 11001010 01000100 10010100
1000 11001101 01000100 10011010
1000 10101101 11001010 01011011
1000 11100000 10000010 11000001
1000 11001001 01000111 10010011
1000 10110011 01011000 01100111
1000 10111101 11000001 01111011
1000 00101010 10111111 01010101
1000 10011010 00000010 00110100
1000 10111001 11000110 01110010
1000 01110011 01101001 11100111
1000 00100101 00110101 01001011
1000 10000111 01100100 00001110
1000 11011111 00000010 10111110
1000 00100000 10110110 01000001
1000 01110010 11110011 11100101
1000 11100010 10000010 11000100
1000 11000000 01010000 10000000
1000 00110110 11010001 01101101
1000 11101101 00011110 11011011
1000 00001011 11111010 00010111
1000 01101001 11110101 11010011
1000 11000111 10000011 10001110
1000 11100011 01011011 11000110
1000 00001101 11001100 00011011
1000 01010010 00001101 10100101
1000 01101011 10111100 11010110
1000 10111111 11001000 01111110
1000 01111000 00001111 11110001
1000 11110001 00100111 11100011
1000 11101010 10000101 11010101
1000 01111000 11010011 11110001
1000 01001000 10100010 10010000
1000 00001110 10000101 00011100
1000 11111000 11101011 11110000
1000 00110000 10101110 01100000
1000 00010101 10001110 00101010
1000 10101100 01001011 01011000
1000 11110110 10101011 11101101
1000 11111100 01100100 11111001
1000 01001001 11101000 10010011
1000 11010010 00100000 10100101
1000 11001101 01100011 10011011
1000 01111011 11001111 11110111
1000 00111110 10001001 01111100
1000 10100111 10110100 01001110
1000 00001001 10100110 00010011
1000 00000100 11100010 00001001
1000 00011110 01101111 00111100
1000 01100110 10111110 11001100
1000 11100110 01100101 11001100
1000 00000001 00001011 00000010
1000 10000100 10011000 00001000
1000 01101010 11010101 11010100
1000 01101011 10111000 11010110
1000 11110011 10000100 11100110

1001 10101010 11000000 11010101
1001 11010110 00010001 11101011
1001 11111001 00111011 01111100
1001 00011110 11110110 00001111
1001 10100010 10110000 01010001
1001 11111011 00000100 01111101
1001 11111010 01101110 11111101
1001 11101010 10001001 11110101
1001 01101110 10100101 00110111
1001 11110100 00101010 01111010
1001 00111001 11011101 00011100
1001 11101100 11101111 01110110
1001 11011101 00001001 01101110
1001 10011111 11011010 01001111
1001 01111011 00111100 10111101
1001 01001111 11111001 10100111
1001 11001100 00000110 11100110
1001 11010101 10001010 11101010
1001 01110100 01100100 10111010
1001 01110000 00111100 10111000
1001 00111100 00010000 00011110
1001 11100000 10111011 01110000
1001 00100100 00001101 00010010
1001 00010010 11111000 00001001
1001 11110100 00100110 01111010
1001 10111101 00101100 01011110
1001 01111011 01100100 10111101
1001 11100111 10101101 11110011
1001 01111110 10001101 10111111
1001 00001110 01001000 10000111
1001 00011001 01001011 00001100
1001 11000000 11000011 01100000
1001 01100001 10010000 00110000
1001 01010111 01001000 00101011
1001 01100001 01001011 10110000
1001 00111100 01100111 10011110
1001 01010011 11100100 00101001
1001 00110110 00100001 00011011
1001 01111101 01000000 00111110
1001 01000010 01111011 00100001
1001 10111011 11101101 01011101
1001 10110101 11010011 01011010
1001 11000100 11100101 11100010
1001 00101011 00111010 10010101
1001 11001010 01000100 11100101
1001 11001101 01000100 11100110
1001 10101101 11001010 11010110
1001 11100000 10000010 11110000
1001 11001001 01000111 01100100
1001 10110011 01011000 01011001
1001 10111101 11000001 11011110
1001 00101010 10111111 10010101
1001 10011010 00000010 01001101
1001 10111001 11000110 01011100
1001 01110011 01101001 10111001
1001 00100101 00110101 10010010
1001 10000111 01100100 11000011
1001 11011111 00000010 11101111
1001 00100000 10110110 10010000
1001 01110010 11110011 10111001
1001 11100010 10000010 01110001
1001 11000000 01010000 01100000
1001 00110110 11010001 00011011
1001 11101101 00011110 01110110
1001 00001011 11111010 10000101
1001 01101001 11110101 10110100
1001 11000111 10000011 11100011
1001 11100011 01011011 11110001
1001 00001101 11001100 10000110
1001 01010010 00001101 10101001
1001 01101011 10111100 00110101
1001 10111111 11001000 01011111
1001 01111000 00001111 10111100
1001 11110001 00100111 11111000
1001 11101010 10000101 11110101
1001 01111000 11010011 10111100
1001 01001000 10100010 00100100
1001 00001110 10000101 00000111
1001 11111000 11101011 01111100
1001 00110000 10101110 00011000
1001 00010101 10001110 00001010
1001 10101100 01001011 01010110
1001 11110110 10101011 01111011
1001 11111100 01100100 01111110
1001 01001001 11101000 00100100
1001 11010010 00100000 01101001
1001 11001101 01100011 01100110
1001 01111011 11001111 00111101
1001 00111110 10001001 10011111
1001 10100111 10110100 11010011
1001 00001001 10100110 10000100
1001 00000100 11100010 10000010
1001 00011110 01101111 00001111
1001 01100110 10111110 00110011
1001 11100110 01100101 01110011
1001 00000001 00001011 00000000
1001 10000100 10011000 11000010
1001 01101010 11010101 10110101
1001 01101011 10111000 00110101
1001 11110011 10000100 01111001

1010 10101010 11000000 11010101
1010 11010110 00010001 11101011
1010 11111001 00111011 11111100
1010 00011110 11110110 00001111
1010 10100010 10110000 11010001
1010 11111011 00000100 11111101
1010 11111010 01101110 11111101
1010 11101010 10001001 11110101
1010 01101110 10100101 00110111
1010 11110100 00101010 11111010
1010 00111001 11011101 00011100
1010 11101100 11101111 11110110
1010 11011101 00001001 11101110
1010 10011111 11011010 11001111
1010 01111011 00111100 00111101
1010 01001111 11111001 00100111
1010 11001100 00000110 11100110
1010 11010101 10001010 11101010
1010 01110100 01100100 00111010
1010 01110000 00111100 00111000
1010 00111100 00010000 00011110
1010 11100000 10111011 11110000
1010 00100100 00001101 00010010
1010 00010010 11111000 00001001
1010 11110100 00100110 11111010
1010 10111101 00101100 11011110
1010 01111011 01100100 00111101
1010 11100111 10101101 11110011
1010 01111110 10001101 00111111
1010 00001110 01001000 00000111
1010 00011001 01001011 00001100
1010 11000000 11000011 11100000
1010 01100001 10010000 00110000
1010 01010111 01001000 00101011
1010 01100001 01001011 00110000
1010 00111100 01100111 00011110
1010 01010011 11100100 00101001
1010 00110110 00100001 00011011
1010 01111101 01000000 00111110
1010 01000010 01111011 00100001
1010 10111011 11101101 11011101
1010 10110101 11010011 11011010
1010 11000100 11100101 11100010
1010 00101011 00111010 00010101
1010 11001010 01000100 11100101
1010 11001101 01000100 11100110
1010 10101101 11001010 11010110
1010 11100000 10000010 11110000
1010 11001001 01000111 11100100
1010 10110011 01011000 11011001
1010 10111101 11000001 11011110
1010 00101010 10111111 00010101
1010 10011010 00000010 11001101
1010 10111001 11000110 11011100
1010 01110011 01101001 00111001
1010 00100101 00110101 00010010
1010 10000111 01100100 11000011
1010 11011111 00000010 11101111
1010 00100000 10110110 00010000
1010 01110010 11110011 00111001
1010 11100010 10000010 11110001
1010 11000000 01010000 11100000
1010 00110110 11010001 00011011
1010 11101101 00011110 11110110
1010 00001011 11111010 00000101
1010 01101001 11110101 00110100
1010 11000111 10000011 11100011
1010 11100011 01011011 11110001
1010 00001101 11001100 00000110
1010 01010010 00001101 00101001
1010 01101011 10111100 00110101
1010 10111111 11001000 11011111
1010 01111000 00001111 00111100
1010 11110001 00100111 11111000
1010 11101010 10000101 11110101
1010 01111000 11010011 00111100
1010 01001000 10100010 00100100
1010 00001110 10000101 00000111
1010 11111000 11101011 11111100
1010 00110000 10101110 00011000
1010 00010101 10001110 00001010
1010 10101100 01001011 11010110
1010 11110110 10101011 11111011
1010 11111100 01100100 11111110
1010 01001001 11101000 00100100
1010 11010010 00100000 11101001
1010 11001101 01100011 11100110
1010 01111011 11001111 00111101
1010 00111110 10001001 00011111
1010 10100111 10110100 11010011
1010 00001001 10100110 00000100
1010 00000100 11100010 00000010
1010 00011110 01101111 00001111
1010 01100110 10111110 00110011
1010 11100110 01100101 11110011
1010 00000001 00001011 00000000
1010 10000100 10011000 11000010
1010 01101010 11010101 00110101
1010 01101011 10111000 00110101
1010 11110011 10000100 11111001

1011 10101010 11000000 10101011
1011 11010110 00010001 11010111
1011 11111001 00111011 11111010
1011 00011110 11110110 00011111
1011 10100010 10110000 10100011
1011 11111011 00000100 11111100
1011 11111010 01101110 11111011
1011 11101010 10001001 11101011
1011 01101110 10100101 01101111
1011 11110100 00101010 11110101
1011 00111001 11011101 00111010
1011 11101100 11101111 11101101
1011 11011101 00001001 11011110
1011 10011111 11011010 10100000
1011 01111011 00111100 01111100
1011 01001111 11111001 01010000
1011 11001100 00000110 11001101
1011 11010101 10001010 11010110
1011 01110100 01100100 01110101
1011 01110000 00111100 01110001
1011 00111100 00010000 00111101
1011 11100000 10111011 11100001
1011 00100100 00001101 00100101
1011 00010010 11111000 00010011
1011 11110100 00100110 11110101
1011 10111101 00101100 10111110
1011 01111011 01100100 01111100
1011 11100111 10101101 11101000
1011 01111110 10001101 01111111
1011 00001110 01001000 00001111
1011 00011001 01001011 00011010
1011 11000000 11000011 11000001
1011 01100001 10010000 01100010
1011 01010111 01001000 01011000
1011 01100001 01001011 01100010
1011 00111100 01100111 00111101
1011 01010011 11100100 01010100
1011 00110110 00100001 00110111
1011 01111101 01000000 01111110
1011 01000010 01111011 01000011
1011 10111011 11101101 10111100
1011 10110101 11010011 10110110
1011 11000100 11100101 11000101
1011 00101011 00111010 00101100
1011 11001010 01000100 11001011
1011 11001101 01000100 11001110
1011 10101101 11001010 10101110
1011 11100000 10000010 11100001
1011 11001001 01000111 11001010
1011 10110011 01011000 10110100
1011 10111101 11000001 10111110
1011 00101010 10111111 00101011
1011 10011010 00000010 10011011
1011 10111001 11000110 10111010
1011 01110011 01101001 01110100
1011 00100101 00110101 00100110
1011 10000111 01100100 10001000
1011 11011111 00000010 11100000
1011 00100000 10110110 00100001
1011 01110010 11110011 01110011
1011 11100010 10000010 11100011
1011 11000000 01010000 11000001
1011 00110110 11010001 00110111
1011 11101101 00011110 11101110
1011 00001011 11111010 00001100
1011 01101001 11110101 01101010
1011 11000111 10000011 11001000
1011 11100011 01011011 11100100
1011 00001101 11001100 00001110
1011 01010010 00001101 01010011
1011 01101011 10111100 01101100
1011 10111111 11001000 11000000
1011 01111000 00001111 01111001
1011 11110001 00100111 11110010
1011 11101010 10000101 11101011
1011 01111000 11010011 01111001
1011 01001000 10100010 01001001
1011 00001110 10000101 00001111
1011 11111000 11101011 11111001
1011 00110000 10101110 00110001
1011 00010101 10001110 00010110
1011 10101100 01001011 10101101
1011 11110110 10101011 11110111
1011 11111100 01100100 11111101
1011 01001001 11101000 01001010
1011 11010010 00100000 11010011
1011 11001101 01100011 11001110
1011 01111011 11001111 01111100
1011 00111110 10001001 00111111
1011 10100111 10110100 10101000
1011 00001001 10100110 00001010
1011 00000100 11100010 00000101
1011 00011110 01101111 00011111
1011 01100110 10111110 01100111
1011 11100110 01100101 11100111
1011 00000001 00001011 00000010
1011 10000100 10011000 10000101
1011 01101010 11010101 01101011
1011 01101011 10111000 01101100
1011 11110011 10000100 11110100

1100 10101010 11000000 10101001
1100 11010110 00010001 11010101
1100 11111001 00111011 11111000
1100 00011110 11110110 00011101
1100 10100010 10110000 10100001
1100 11111011 00000100 11111010
1100 11111010 01101110 11111001
1100 11101010 10001001 11101001
1100 01101110 10100101 01101101
1100 11110100 00101010 11110011
1100 00111001 11011101 00111000
1100 11101100 11101111 11101011
1100 11011101 00001001 11011100
1100 10011111 11011010 10011110
1100 01111011 00111100 01111010
1100 01001111 11111001 01001110
1100 11001100 00000110 11001011
1100 11010101 10001010 11010100
1100 01110100 01100100 01110011
1100 01110000 00111100 01101111
1100 00111100 00010000 00111011
1100 11100000 10111011 11011111
1100 00100100 00001101 00100011
1100 00010010 11111000 00010001
1100 11110100 00100110 11110011
1100 10111101 00101100 10111100
1100 01111011 01100100 01111010
1100 11100111 10101101 11100110
1100 01111110 10001101 01111101
1100 00001110 01001000 00001101
1100 00011001 01001011 00011000
1100 11000000 11000011 10111111
1100 01100001 10010000 01100000
1100 01010111 01001000 01010110
1100 01100001 01001011 01100000
1100 00111100 01100111 00111011
1100 01010011 11100100 01010010
1100 00110110 00100001 00110101
1100 01111101 01000000 01111100
1100 01000010 01111011 01000001
1100 10111011 11101101 10111010
1100 10110101 11010011 10110100
1100 11000100 11100101 11000011
1100 00101011 00111010 00101010
1100 11001010 01000100 11001001
1100 11001101 01000100 11001100
1100 10101101 11001010 10101100
1100 11100000 10000010 11011111
1100 11001001 01000111 11001000
1100 10110011 01011000 10110010
1100 10111101 11000001 10111100
1100 00101010 10111111 00101001
1100 10011010 00000010 10011001
1100 10111001 11000110 10111000
1100 01110011 01101001 01110010
1100 00100101 00110101 00100100
1100 10000111 01100100 10000110
1100 11011111 00000010 11011110
1100 00100000 10110110 00011111
1100 01110010 11110011 01110001
1100 11100010 10000010 11100001
1100 11000000 01010000 10111111
1100 00110110 11010001 00110101
1100 11101101 00011110 11101100
1100 00001011 11111010 00001010
1100 01101001 11110101 01101000
1100 11000111 10000011 11000110
1100 11100011 01011011 11100010
1100 00001101 11001100 00001100
1100 01010010 00001101 01010001
1100 01101011 10111100 01101010
1100 10111111 11001000 10111110
1100 01111000 00001111 01110111
1100 11110001 00100111 11110000
1100 11101010 10000101 11101001
1100 01111000 11010011 01110111
1100 01001000 10100010 01000111
1100 00001110 10000101 00001101
1100 11111000 11101011 11110111
1100 00110000 10101110 00101111
1100 00010101 10001110 00010100
1100 10101100 01001011 10101011
1100 11110110 10101011 11110101
1100 11111100 01100100 11111011
1100 01001001 11101000 01001000
1100 11010010 00100000 11010001
1100 11001101 01100011 11001100
1100 01111011 11001111 01111010
1100 00111110 10001001 00111101
1100 10100111 10110100 10100110
1100 00001001 10100110 00001000
1100 00000100 11100010 00000011
1100 00011110 01101111 00011101
1100 01100110 10111110 01100101
1100 11100110 01100101 11100101
1100 00000001 00001011 00000000
1100 10000100 10011000 10000011
1100 01101010 11010101 01101001
1100 01101011 10111000 01101010
1100 11110011 10000100 11110010

1101 10101010 11000000 10101010
1101 11010110 00010001 11010110
1101 11111001 00111011 11111001
1101 00011110 11110110 00011110
1101 10100010 10110000 10100010
1101 11111011 00000100 11111011
1101 11111010 01101110 11111010
1101 11101010 10001001 11101010
1101 01101110 10100101 01101110
1101 11110100 00101010 11110100
1101 00111001 11011101 00111001
1101 11101100 11101111 11101100
1101 11011101 00001001 11011101
1101 10011111 11011010 10011111
1101 01111011 00111100 01111011
1101 01001111 11111001 01001111
1101 11001100 00000110 11001100
1101 11010101 10001010 11010101
1101 01110100 01100100 01110100
1101 01110000 00111100 01110000
1101 00111100 00010000 00111100
1101 11100000 10111011 11100000
1101 00100100 00001101 00100100
1101 00010010 11111000 00010010
1101 11110100 00100110 11110100
1101 10111101 00101100 10111101
1101 01111011 01100100 01111011
1101 11100111 10101101 11100111
1101 01111110 10001101 01111110
1101 00001110 01001000 00001110
1101 00011001 01001011 00011001
1101 11000000 11000011 11000000
1101 01100001 10010000 01100001
1101 01010111 01001000 01010111
1101 01100001 01001011 01100001
1101 00111100 01100111 00111100
1101 01010011 11100100 01010011
1101 00110110 00100001 00110110
1101 01111101 01000000 01111101
1101 01000010 01111011 01000010
1101 10111011 11101101 10111011
1101 10110101 11010011 10110101
1101 11000100 11100101 11000100
1101 00101011 00111010 00101011
1101 11001010 01000100 11001010
1101 11001101 01000100 11001101
1101 10101101 11001010 10101101
1101 11100000 10000010 11100000
1101 11001001 01000111 11001001
1101 10110011 01011000 10110011
1101 10111101 11000001 10111101
1101 00101010 10111111 00101010
1101 10011010 00000010 10011010
1101 10111001 11000110 10111001
1101 01110011 01101001 01110011
1101 00100101 00110101 00100101
1101 10000111 01100100 10000111
1101 11011111 00000010 11011111
1101 00100000 10110110 00100000
1101 01110010 11110011 01110010
1101 11100010 10000010 11100010
1101 11000000 01010000 11000000
1101 00110110 11010001 00110110
1101 11101101 00011110 11101101
1101 00001011 11111010 00001011
1101 01101001 11110101 01101001
1101 11000111 10000011 11000111
1101 11100011 01011011 11100011
1101 00001101 11001100 00001101
1101 01010010 00001101 01010010
1101 01101011 10111100 01101011
1101 10111111 11001000 10111111
1101 01111000 00001111 01111000
1101 11110001 00100111 11110001
1101 11101010 10000101 11101010
1101 01111000 11010011 01111000
1101 01001000 10100010 01001000
1101 00001110 10000101 00001110
1101 11111000 11101011 11111000
1101 00110000 10101110 00110000
1101 00010101 10001110 00010101
1101 10101100 01001011 10101100
1101 11110110 10101011 11110110
1101 11111100 01100100 11111100
1101 01001001 11101000 01001001
1101 11010010 00100000 11010010
1101 11001101 01100011 11001101
1101 01111011 11001111 01111011
1101 00111110 10001001 00111110
1101 10100111 10110100 10100111
1101 00001001 10100110 00001001
1101 00000100 11100010 00000100
1101 00011110 01101111 00011110
1101 01100110 10111110 01100110
1101 11100110 01100101 11100110
1101 00000001 00001011 00000001
1101 10000100 10011000 10000100
1101 01101010 11010101 01101010
1101 01101011 10111000 01101011
1101 11110011 10000100 11110011

1110 10101010 11000000 10101010
1110 11010110 00010001 11010110
1110 11111001 00111011 11111001
1110 00011110 11110110 00011110
1110 10100010 10110000 10100010
1110 11111011 00000100 11111011
1110 11111010 01101110 11111010
1110 11101010 10001001 11101010
1110 01101110 10100101 01101110
1110 11110100 00101010 11110100
1110 00111001 11011101 00111001
1110 11101100 11101111 11101100
1110 11011101 00001001 11011101
1110 10011111 11011010 10011111
1110 01111011 00111100 01111011
1110 01001111 11111001 01001111
1110 11001100 00000110 11001100
1110 11010101 10001010 11010101
1110 01110100 01100100 01110100
1110 01110000 00111100 01110000
1110 00111100 00010000 00111100
1110 11100000 10111011 11100000
1110 00100100 00001101 00100100
1110 00010010 11111000 00010010
1110 11110100 00100110 11110100
1110 10111101 00101100 10111101
1110 01111011 01100100 01111011
1110 11100111 10101101 11100111
1110 01111110 10001101 01111110
1110 00001110 01001000 00001110
1110 00011001 01001011 00011001
1110 11000000 11000011 11000000
1110 01100001 10010000 01100001
1110 01010111 01001000 01010111
1110 01100001 01001011 01100001
1110 00111100 01100111 00111100
1110 01010011 11100100 01010011
1110 00110110 00100001 00110110
1110 01111101 01000000 01111101
1110 01000010 01111011 01000010
1110 10111011 11101101 10111011
1110 10110101 11010011 10110101
1110 11000100 11100101 11000100
1110 00101011 00111010 00101011
1110 11001010 01000100 11001010
1110 11001101 01000100 11001101
1110 10101101 11001010 10101101
1110 11100000 10000010 11100000
1110 11001001 01000111 11001001
1110 10110011 01011000 10110011
1110 10111101 11000001 10111101
1110 00101010 10111111 00101010
1110 10011010 00000010 10011010
1110 10111001 11000110 10111001
1110 01110011 01101001 01110011
1110 00100101 00110101 00100101
1110 10000111 01100100 10000111
1110 11011111 00000010 11011111
1110 00100000 10110110 00100000
1110 01110010 11110011 01110010
1110 11100010 10000010 11100010
1110 11000000 01010000 11000000
1110 00110110 11010001 00110110
1110 11101101 00011110 11101101
1110 00001011 11111010 00001011
1110 01101001 11110101 01101001
1110 11000111 10000011 11000111
1110 11100011 01011011 11100011
1110 00001101 11001100 00001101
1110 01010010 00001101 01010010
1110 01101011 10111100 01101011
1110 10111111 11001000 10111111
1110 01111000 00001111 01111000
1110 11110001 00100111 11110001
1110 11101010 10000101 11101010
1110 01111000 11010011 01111000
1110 01001000 10100010 01001000
1110 00001110 10000101 00001110
1110 11111000 11101011 11111000
1110 00110000 10101110 00110000
1110 00010101 10001110 00010101
1110 10101100 01001011 10101100
1110 11110110 10101011 11110110
1110 11111100 01100100 11111100
1110 01001001 11101000 01001001
1110 11010010 00100000 11010010
1110 11001101 01100011 11001101
1110 01111011 11001111 01111011
1110 00111110 10001001 00111110
1110 10100111 10110100 10100111
1110 00001001 10100110 00001001
1110 00000100 11100010 00000100
1110 00011110 01101111 00011110
1110 01100110 10111110 01100110
1110 11100110 01100101 11100110
1110 00000001 00001011 00000001
1110 10000100 10011000 10000100
1110 01101010 11010101 01101010
1110 01101011 10111000 01101011
1110 11110011 10000100 11110011

1111 10101010 11000000 00000000
1111 11010110 00010001 00000000
1111 11111001 00111011 00000000
1111 00011110 11110110 00000000
1111 10100010 10110000 00000000
1111 11111011 00000100 00000000
1111 11111010 01101110 00000000
1111 11101010 10001001 00000000
1111 01101110 10100101 00000000
1111 11110100 00101010 00000000
1111 00111001 11011101 00000000
1111 11101100 11101111 00000000
1111 11011101 00001001 00000000
1111 10011111 11011010 00000000
1111 01111011 00111100 00000000
1111 01001111 11111001 00000000
1111 11001100 00000110 00000000
1111 11010101 10001010 00000000
1111 01110100 01100100 00000000
1111 01110000 00111100 00000000
1111 00111100 00010000 00000000
1111 11100000 10111011 00000000
1111 00100100 00001101 00000000
1111 00010010 11111000 00000000
1111 11110100 00100110 00000000
1111 10111101 00101100 00000000
1111 01111011 01100100 00000000
1111 11100111 10101101 00000000
1111 01111110 10001101 00000000
1111 00001110 01001000 00000000
1111 00011001 01001011 00000000
1111 11000000 11000011 00000000
1111 01100001 10010000 00000000
1111 01010111 01001000 00000000
1111 01100001 01001011 00000000
1111 00111100 01100111 00000000
1111 01010011 11100100 00000000
1111 00110110 00100001 00000000
1111 01111101 01000000 00000000
1111 01000010 01111011 00000000
1111 10111011 11101101 00000000
1111 10110101 11010011 00000000
1111 11000100 11100101 00000000
1111 00101011 00111010 00000000
1111 11001010 01000100 00000000
1111 11001101 01000100 00000000
1111 10101101 11001010 00000000
1111 11100000 10000010 00000000
1111 11001001 01000111 00000000
1111 10110011 01011000 00000000
1111 10111101 11000001 00000000
1111 00101010 10111111 00000000
1111 10011010 00000010 00000000
1111 10111001 11000110 00000000
1111 01110011 01101001 00000000
1111 00100101 00110101 00000000
1111 10000111 01100100 00000000
1111 11011111 00000010 00000000
1111 00100000 10110110 00000000
1111 01110010 11110011 00000000
1111 11100010 10000010 00000000
1111 11000000 01010000 00000000
1111 00110110 11010001 00000000
1111 11101101 00011110 00000000
1111 00001011 11111010 00000000
1111 01101001 11110101 00000000
1111 11000111 10000011 00000000
1111 11100011 01011011 00000000
1111 00001101 11001100 00000000
1111 01010010 00001101 00000000
1111 01101011 10111100 00000000
1111 10111111 11001000 00000000
1111 01111000 00001111 00000000
1111 11110001 00100111 00000000
1111 11101010 10000101 00000000
1111 01111000 11010011 00000000
1111 01001000 10100010 00000000
1111 00001110 10000101 00000000
1111 11111000 11101011 00000000
1111 00110000 10101110 00000000
1111 00010101 10001110 00000000
1111 10101100 01001011 00000000
1111 11110110 10101011 00000000
1111 11111100 01100100 00000000
1111 01001001 11101000 00000000
1111 11010010 00100000 00000000
1111 11001101 01100011 00000000
1111 01111011 11001111 00000000
1111 00111110 10001001 00000000
1111 10100111 10110100 00000000
1111 00001001 10100110 00000000
1111 00000100 11100010 00000000
1111 00011110 01101111 00000000
1111 01100110 10111110 00000000
1111 11100110 01100101 00000000
1111 00000001 00001011 00000000
1111 10000100 10011000 00000000
1111 01101010 11010101 00000000
1111 01101011 10111000 00000000
1111 11110011 10000100 00000000

