1010101011000000
1101011000010001
1111100100111011
0001111011110110
1010001010110000
1111101100000100
1111101001101110
1110101010001001
0110111010100101
1111010000101010
0011100111011101
1110110011101111
1101110100001001
1001111111011010
0111101100111100
0100111111111001
1100110000000110
1101010110001010
0111010001100100
0111000000111100
0011110000010000
1110000010111011
0010010000001101
0001001011111000
1111010000100110
1011110100101100
0111101101100100
1110011110101101
0111111010001101
0000111001001000
0001100101001011
1100000011000011
0110000110010000
0101011101001000
0110000101001011
0011110001100111
0101001111100100
0011011000100001
0111110101000000
0100001001111011
1011101111101101
1011010111010011
1100010011100101
0010101100111010
1100101001000100
1100110101000100
1010110111001010
1110000010000010
1100100101000111
1011001101011000
1011110111000001
0010101010111111
1001101000000010
1011100111000110
0111001101101001
0010010100110101
1000011101100100
1101111100000010
0010000010110110
0111001011110011
1110001010000010
1100000001010000
0011011011010001
1110110100011110
0000101111111010
0110100111110101
1100011110000011
1110001101011011
0000110111001100
0101001000001101
0110101110111100
1011111111001000
0111100000001111
1111000100100111
1110101010000101
0111100011010011
0100100010100010
0000111010000101
1111100011101011
0011000010101110
0001010110001110
1010110001001011
1111011010101011
1111110001100100
0100100111101000
1101001000100000
1100110101100011
0111101111001111
0011111010001001
1010011110110100
0000100110100110
0000010011100010
0001111001101111
0110011010111110
1110011001100101
0000000100001011
1000010010011000
0110101011010101
0110101110111000
1111001110000100
0110001001001001
1100011100100000
1110000001110110
1000011011110000
1100001000010011
1111101010100100
1010010101000000
1101011110110111
0010000111000101
1000010111101011
1001000011011111
1111001111101111
0001010100010111
1101110110000011
1101001000001000
1000011011111100
1110001000110011
0110100111111110
0010001101111101
1101100100100010
0001001000111010
0000001000100011
1010100111100111
0011110100001111
1000000110011111
0111100110001101
0100111110000101
1010010011110101
1011000001111001
0000010101100111
1101100001000111
1010010101100000
1010111001101011
1100001011101111
1111101000100001
0000110011001011
1011110111100011
1100001000000111
0011100101001010
0010010100000000
0000101000110000
1000000010011100
0010100010001100
0110100100000000
1101001110110110
1001101101001010
1001110110101010
1000111110001000
0101100010001101
1011100100001000
1101110100011100
1010000101101111
0010111101001000
1101010101110110
0011011100010111
0110001011110101
1011001101101111
0001100111101101
1010000111110100
1111001101111111
1111101001000011
0011001101101011
0010000000100001
0111110011011001
1111000101101011
1001001010100100
1010110111010011
1110010011110111
0000110010010011
0100100101111101
1001101101110010
1111011011111111
1100001000000000
0001011010011101
0111110010000010
1110100011110111
1100011100101010
1010101101001001
0100001000000100
1001000111111101
0111000010110011
1100100000100001
0101010111101000
1111101010110010
1011101110010000
1000101010100101
0001101011111100
1011100000001100
0011101110010100
0110110111110010
1011001000001010
0011100110101111
1100111000101100
1011100111110101
0100011100110111
1011010100010000
0110000011110110
1101001111100101
0110100101101011
1100100001100001
0011000101000000
1111101000001101
1111110100000010
0000100010111101
1111010101100110
1111100001110110
0100000101000101
0000101110100110
0011101100111100
0000111111111100
0110000100010110
1110100000011011
0111111110011101
1101000111101110
0111010010000000
1011010100111100
0100111110001111
0100100000000110
0101111110111000
1101010110001010
0100011001011010
0001101100100110
0010111111010011
1011010110110110
1100000010110001
0110000100100000
1001110011001111
0010111001001011
1010100000100011
0011000100010110
1010101111000111
1001011000100100
0111110010011100
1100011011001100
0101000010110011
0000100001110111
1101100101101010
0001101111001001
1010000000010000
0011010011111111
0110101110011110
1000011001001000
1010010001001010
1100101100101101
1011011000101100
1000100110111110
1010010011011111
1011010010010100
1010101101010011
1101100001001100
1110100010101100
0100111011101111
0110010011011011
1111001101011010
1111001000001011
0101110100010010
1100100000000110
0000101011001001
0000110101000110
0011011001000100
1011111001000001
0001100011011001
1000100111001001
0100010100000000
1000010010010100
1011010111001100
0001100100110000
0111111000011101
0101011010110110
1001011000111101
0101010010101101
0001100101110110
1000111010011111
1101110101111001
0101100001111100
1111000111010101
1010101101111100
1011001100010100
1000101111000110
1100101000011011
1000011110111110
0010010010010111
1110001101001000
1101001100000101
1110111000111010
1001100001100110
1001111100001011
0100011101010011
1110000111010100
1110000111110110
1101100110100010
0000011000011101
1001001010010110
1110100000100010
1010111010111100
1001111011000010
1001110011010011
0001011111000000
0000000110010101
0001000011110001
1000101001100111
0010000101100111
0111100010100010
1100111011101010
0101011110010110
1011000110100001
1111100101010001
1010001001001011
0001011001010011
0101111001100010
0010011011110010
1111111010000100
0100011010000111
1000000100000001
1111011111011011
1111100001101011
0011101100011001
0110001110011000
1101110011000011
0001010101010001
1110101100011001
1001111001101010
0000111011000010
1101011100000011
0101100010001000
0010000011000000
1011110111011000
1000011010101101
1100110011111101
1010111011011110
1101110111101100
0000101100001110
0011101011000100
1100110011101000
1000010100001001
1111111000110011
0101000000110111
1110010010010011
0011010011010111
0001110011111000
1101101110011000
0101010001110110
1101010001101000
0100110010100000
1111001000010000
0111000101000000
1001110100100100
0011101111111101
1010010011110011
0110000010001010
0111011011111110
1111100100111100
1100001001100100
1100011110010000
1100011001111101
1001101100101001
1000001001110001
0101010110011110
0010001001001011
1100000110110010
1110011110111101
1101000101010100
0011001001011111
0000101001110011
1011101010101010
1101101111000100
1100000011111011
0011000011100010
0010111101100111
1000110010110010
1110110100001100
1001100101110101
1011101001001001
0011001111010111
0011001100110101
0100111101111100
0000011001001111
1111111110010010
0110100110111111
0110010010111010
0000111110010001
1010010001011111
1000111001011000
1001101001010001
0111101000000100
0101010111011100
0110100010110010
1110001101001110
0111011111011001
0011001100001101
0111100001010000
0000111111111110
1111001110101111
0100100011010001
0011001010010000
0101010000100101
0001110100111000
1110110111100010
0000111101110001
0101111111101110
1110001000001111
0110101001011010
1010001011101111
0010011110000010
1010111000011100
0100010100110101
0010100100011010
1011000000000000
1010111101110010
0000101011111010
0001100011001001
1000010100001010
1000101010100101
0111011100110100
0000101101010100
0011111100000111
0001000000011110
0111110010011000
1001101110110110
1101110010001111
0001101011100011
0110011111100100
1010010000001100
1000101010011100
0110011100011010
1110001100000100
1110010011110011
1011001001001000
1000110100010101
0001010101011010
1010010111001001
1101111010011000
1101001101100011
1111101100010110
0011010101101100
0101110101101010
0101001000000110
0101011110100010
0010110001000100
1010100001000110
0100111010101101
0110100111100011
1101100100000111
0011100110000111
1001010000000011
1111100001011000
0011110000011000
1100011010001000
0100101011110100
1110001100101101
1011011101010001
1000011000011100
0101011110001111
0110001111100010
1111001010000110
0001011000001101
0011101100000101
1100111110111101
0100100001110000
1011100000101011
0100100000001001
0101010111001011
1111100101000001
1100111100001111
0011011011000110
1010111001000110
0001011110011010
0100111001110101
0011011010000101
0110000111111101
1110100110010101
0000000000111110
0100110010011000
0111010110010101
1111111010001000
1000000111111010
0100101010100011
1111101101011110
0000100011011101
1110011011101101
0111101111010110
1000011100110101
0010010001001010
0110001001001101
0011001101111010
0100000011110001
1111101011001111
0001100010011100
1101000010001000
0000000110101000
1101001110001001
1010001001011001
0101001101011010
0101011010110001
1110001000110001
0000011110111001
0101101110101001
1110100111001010
0011100100110110
0101100000001111
0101001111010010
1111000111001010
0101011000101010
1000110000001111
0001111110100001
1011101000110100
0010110100001001
0000000100010001
1001011110000000
1001100100111110
1110101100000001
0010110101001010
0110111110000010
1101110101111111
0011110011100011
0101100101111110
0110011010010110
1000000010010110
0111100011110111
1110110101010011
0011011000001101
1010001100110000
1001010000111011
0001111010001101
1001101011100110
1101001010110001
1000110100010100
1000010001101101
1110101011100100
0111111011101000
0011110101010011
0110010100001011
0100101101101110
1111000001001010
0001101110100100
1001011110100011
1001011001101001
1011001101100100
0000101000001110
1100010011010010
1111010011000010
1000110110111110
0000001000111010
0111001000010101
1111011101000000
0001101000100110
1100000110000011
0011110111110011
0101100111001000
0111010010000101
0000101100100000
0001111110101101
1001110011100001
0100111000101001
0010110111110110
1010111010101010
0111010100001011
0110100110010001
1000011001111011
0100101110100101
0000100110000011
0000000111001011
0110010001101100
1000101001101111
0110000101101111
0001110001101000
1110000111111110
0110100010110110
1101000001011001
1100111101001101
1010001100011100
1101011000011000
1100010001010111
1100000010101111
1001001000111101
1001111000011001
1101011100111001
0100101100000000
0001101011111100
1000101100001110
1100010100011010
1010001000011110
0110111010000000
1001010110011010
1001010110111011
1101100100000000
0000101010011110
1101011101011110
1100111010100111
0111010100001111
1010100100101000
0010011011011011
1000011011001000
1000111100110111
1110101110111101
1100111111110011
0101010100010011
0011111101001011
0011101000111010
1001001000101111
0111110110110011
0101001001100111
1001111000111011
0001011110001110
1000101111000101
1010000010111001
0110100000000110
1010001100011100
0000100100100010
0111100011101100
0000000101011111
1100001111111011
1101110001111000
1011011010110000
0110111101110101
0011001111011000
0100000111101010
0110100011101001
1111110101100010
0010110110001111
0011010011000110
0000011011011011
1000010000001101
1010110111111001
1010000010100011
1111110000001110
1011001010001100
0011101011101000
0101111010000100
1011110100110010
0010011110011110
0001010011111001
0111000010010101
1000011001001001
1100000000010111
1011100100101110
1100010000101100
1011011001100110
1111110001110111
1011111000001101
1110101010101011
0110010011111000
1001011001000000
1101111111110000
0110111111101111
1000111101101010
1011010101111101
1000011111101001
1100011100110001
0000110000111010
0011011000110001
0101100110001000
1110110010001111
0100011111011100
0010001111011101
0010011101101111
0011100110100001
1101111010100101
0100010100011100
0110000001011000
0011000101001010
1011111100101000
1101110110100010
0011010010110111
0011000110110111
1110010100110111
1111010010101011
0110000000000100
0000111001101000
1110011100100011
0110001110110111
0011100100110111
0100110000111000
0111010000110011
1001010011011100
1011011000101101
0100000000000010
0010001100000100
0000110100110100
1000000001001100
0001011111111101
0101100111110101
0001110100010101
1000011000001000
1100000000000011
0000011101101111
1100000111111011
0110100111001000
1110101110000000
1101001010101101
0100001010111100
1000100110000001
0111110101011111
1000100111101101
1000010111001000
0110001101001010
0010001111000000
0001111110001100
1001010000011101
0000111111000100
1000100101110010
1101111001011101
1000001110001100
1111010001001111
0010000001110000
1001111110111110
0110001000100101
1010111001100011
1100111010101010
0011001001100101
0010101001110001
1010100010111100
1010100001010100
0101101010011011
0000011011011011
1010100111001100
0011011010110101
1001101000000101
0110101010100110
0101110110101010
0101110011001101
0001011100111000
1101100011110010
0101100101110001
0011011000111011
0111000110011010
0000100111111011
1110000010001101
0000100101110110
1110001100111111
1010110111000000
0110111111010111
0111111000111101
0000111111111001
1100101000000100
0100111100011101
0001101000011000
1010111111100110
0100100101011000
0101000101100110
0100011110111101
0011100101001000
0101001101100010
0110010111110111
1100100100010111
1111011011010001
1010000011010100
1000000001001100
0001110100110101
1011100000110011
0101111101000001
0011100100100111
0111001101100001
0010000010101010
0010010111110110
0010011110010100
1110111010111101
1000000011110111
1110110100111110
1100111101111011
1110100011110111
1011010000101010
0001100000111010
1110110101011110
0001011101010111
1111010100100110
1100100010101100
0110100001111011
1001101010010011
0101010111100001
0000101101101111
1111101001010011
1011111011101010
0001001011101111
0111010010001100
0110011001101110
0101111010011101
0100101101011111
1010000110011111
0001111111011010
1011000100011110
0111001101111000
0110000100001010
1101010001110101
0011001001101110
0001100010010010
0111010111110100
1101101000011000
1010010001011010
1110111011011101
0100010100111000
1111011110101011
0001001110010111
0111100011001101
1101100100011111
1010010100110010
1111111101101101
1000100010100111
1110001010011110
1101001111111000
0110011011010101
1001001000100001
1110010010010110
1110100000111101
1100010101101001
1110111001111100
1100000011000111
1110000101011011
1111111011000101
1011110100110011
1011101110001000
1011100011100001
1101100101000110
1110000100101011
1100001010110100
1010100001001100
0110100110010110
0111010101000110
1110100100111101
0010011011001111
0010101011001100
1001010100101011
1110011110101011
0001001111000010
0000011110100100
0010000101100010
0100010010011010
1110110101110000
1000111100101001
0100101110101000
1111000101101010
1010011101100111
1110010110010101
1001000110000110
1101101101101001
0100010011110110
0100011011011100
0001001001111111
0101100010110001
1000001010101000
0010111011111100
1101010100001100
1010110000001000
0100011101110001
1001011010110100
1011100100000110
0101110011010001
1011010010100010
1111101000010110
0111010010111101
1110011111011011
0000100111111100
0111011111001111
1110110000111101
1110100100111000
0111111001111101
1000110101100101
1011111011000000
0111001110011101
0100101001011101
0001100000011010
1110000101110011
1110010000010100
1111011011001111
1010000010101011
0001111110100011
0110010110101000
0110100000101010
0100100100100000
1110101101100011
1111010011100000
0101110110110001
1110111010011110
0100111011110011
0100101111110000
0010001011110011
1000010000001111
1110110011000111
1110010111111000
1001101110000100
0011000011101000
0001001101111010
1110000001001101
0100110111111111
1010101001010110
0100000010011011
0010110000100101
0111110100000010
1001100110000011
1100011100111001
1000011000100010
1011111001111001
1001010111010000
1111100001011011
0111100111000101
1000000110010101
1101111111000110
1000000000010110
0100111000001100
1001110110110101
1111110010111000
0000100000001001
1100000101000110
0011011010001001
1100011010100010
1000100111010010
0100110000001110
0010010101110001
0011111000010010
0100100100010101
0100001100101010
0001111111100110
0010111000000010
0100100000011010
0111001110001111
1111111100010001
1001101001100001
0111110010101000
1010110001000100
0011001110100010
1110100011011110
1101100001011111
1100011000100011
1010010011001100
0010010011001100
1011100101110011
1100010001011000
0111111011010100
0001111011111111
0110101011000111
1100111100110111
1000101011000111
1010100001001101
1110111000000011
0011000011001101
1100101111011110
0111110011001010
1001101110101010
0011101001111001
1101011100000100
1100100100011000
0111101101010111
1011101011100100
0111111010111000
0100111011110000
1110011001110110
0010111101001111
1011110000010011
0111011000110011
0000001001000011
0101111111111001
0111011110001011
0000110101011110
0111001111100110
0111111000101101
1110101010110101
0011101000110100
0101110100010010
0111110111011001
1011100010110100
0100000011110010
0011011111110011
1011111100010000
0100011110011111
1001100000101000
0010111000101111
0110100001110001
0000011000010001
0010010010001111
0011010011010001
1111011111100101
1101101001011011
1101001110001111
1110011111101100
1011001010111011
0010101011010001
0011010100100100
0001010011001000
1111000100000110
0111110111010101
1001101000100101
0110011111000111
0101001010011001
0011110101011110
0101001011111100
0111000000001011
0111001001110100
1110011011110001
0110110110000010
0101110111111010
1101000010010100
1001000101001000
0100101100000111
0001101100000011
0011000110110100
0010001010111000
1001101101010111
0101010111111001
1010010111110000
0100111000000010
1100110010110100
1100101110101110
1011111000101111
0011110100010110
1110011101111001
0101000111110110
0111110001101011
0000110011111001
1000010111010101
1111000000011101
0100100111001110
0011010101100110
1100101000110001
0010000010101001
0001101101000110
0010111011100001
0110111101001001
1001000111101010
1111001110100001
1011000011100000
0000100101111010
1100111000011111
1100011111111101
0001000110111101
1101111100011011
0111100100101110
1101110100011011
0000100110110000
1001100000001111
1011001011011001
1010101001000001
1000000100011100
0011000011111111
1110010011100011
0010000100110111
0001001111111111
0010010111101010
1001000001001000
1000110100100111
0100001101001011
0010010100100010
0110101011100010
0001000101001010
0111111101111101
1110101011111010
1100100101000110
1111100011011101
0101011010000010
0110000011111100
1111010111110001
0000010000011100
0100000000000111
0011111010110111
1000110101110001
1100110011011110
1100010011101100
0000110000110101
1101110110001111
0110010000010000
1111011101101010
1100010111101000
0100000101000001
0100000111111000
1100101100000000
1011100110101011
0000101010111010
1100101100010010
1111010000011111
0000010110010110
1011110111001001
1001010011011000
1000010001001101
0100010001000101
0110110001101010
0101011111011000
1001000011100110
1001110110001011
0100100000110101
1001101101100100
1111110001010010
1100010101000010
0011110100110000
0101110101101100
0001110100110001
0010000001000100
0011100000101110
0000101110000101
0111101000000010
1110010110000011
1011101111110000
0000001000000110
0000011110011110
1110111000001111
0100011111000101
0000001101000100
1111100000010110
1001110010001011
0000101001000011
1000110101001010
1101101001100111
1001001100000110
0010001111110001
1010101101101001
0001111011110111
1101001010011000
0011011011111011
1100010011101100
0011000000111101
0001101100100011
0001011000100110
0001110001000101
0100010100100101
0100000011110010
1110100001001101
0101001010101111
1111010111111001
1011010101100101
1010111101110000
0101110111001010
1001000010110000
1111101001011110
0111000111001100
1100001111001110
0111111110100001
1010010011110010
1110110001110111
1011100010110001
1001001110100111
1100011101011011
1101100000001100
1100011011000111
1011101011001001
0101101110110010
0010010011010101
1110111010001110
0110010100001111
1100101011100101
0111010001111111
1000100001000111
0110101000111010
1110011000000100
1100000010101111
1011101111100000
1001111101101111
0110000110000001
1110111010101100
1100110101100110
1011111100101010
0110001100010111
1100111010111101
0111001000001010
0111010000011000
1110001011101000
0010011000100101
0100100001001010
0110110010000100
1010011011010011
1111101001101000
0000111100000010
1111011101101110
1001011111010010
0010011010001001
1111011010010011
1000001011101001
0010000101000100
1010101000101111
0111001110001000
0111111001111001
0111010110100100
1110111111101100
0000011010110001
0101110101111110
1101011011001100
1101101011010100
1111111100110001
0101101101001100
1011111010101010
1100101000000110
0100010011011011
1110101011100100
0011100111100010
1000011010101010
0010011110001110
1110111101011000
0110011010111110
1101000111001110
1010000001001011
1000010010000011
0010011100000011
1011011100100110
1101111101011100
0110010000101000
1011011111001010
1110001111001001
1110000101110111
0101011110001110
0001000100101110
0101011000100001
0011110110110001
1100100111011110
1101010011100001
0111110001110101
1100100001001100
1101001110101001
1111100011101000
0110100100100010
0011110100010001
1101001001001011
1111010100100011
0101101011110000
1011100011111101
1001111010010001
1010011111110001
1101000110000110
1100000110001000
0111100101010100
1111011001001101
1101101101100101
0100010000111011
0001110001111111
0001101011010011
1101111111100101
0111110100110101
1000101011000110
0100111100100100
1000011111001000
0000101001010110
0110001111110100
1100010011000000
1111100001011111
1010101110001101
0101010111101011
0111010000100011
0110011110001000
1100011011000010
1010110000110011
1001000101001000
0000001010010001
0110010111110010
1100000010000001
0000101111110001
0101111101001001
1001011000101110
1110100110001101
0100111001010001
0111001111010000
0110000100101011
1001111001111010
1000100111101111
1101010101100001
0000111000100111
0001000101110011
1111000011010101
1110011000011000
1110111000110111
0010101100111110
1011111111010101
1111101111110111
1001011011101001
0001110110100001
0010111011010111
0000110011011110
0001110101110111
1100001101100111
0000100100011111
1110101110001111
1101101000011011
1011111111110111
0011110010010101
0111111100000111
0011110011110101
0011000000011000
1100011000100010
0001111010100011
1110010111011110
0001011010101111
1000100111110100
0101000111001010
1100010011010110
1011101100101011
1100110101111011
1010001000001101
0001111101110011
0110011001011110
0001101000010111
1100010100100011
1001100110101101
0011010010000001
0100111001010011
1011001000010100
0011111000110110
1100101100101011
0100010111111110
0100000000100101
1011101111101100
1111001111110001
0100101011111001
1110010101010100
1110111100001001
0100111001010101
1000011111010101
0101001010000110
1100011001011010
0100001011001101
0011010001001000
0011110110011100
1111101011101111
0110001011011010
1101110011101011
0111110010010011
0010101001101111
1100000000001011
1101011101010100
1101101101001000
0111000011010010
1000001011010010
1111011110110001
1011110111111100
1101011110110111
0100000111110110
1010101011010111
1011101110000000
1110000011110100
1001111001110011
0010001001000000
0001000010000010
0110010010000001
1111010100010111
0001101111001101
0011100101111111
0100110000000000
1000101000001110
1010001010000000
1011010000110101
1100011000110010
0110111100101111
1111101001011010
0110000101111110
0100101111101101
0000110000010111
1111001010110110
1011111110010010
1010101101101011
1010000100011101
0000111010010110
1010000011000000
0101010000010001
0011111100000001
0100001110010110
1010000100100011
1011011111110101
1111110101110110
1000110110110000
1000000111000111
1111001001101010
1111010110000110
1011010011001000
1000110011111101
0101101111111110
1111111101000101
0000100010011111
0111010100010110
1010000110110000
1101010001011001
1100000110001111
0101111101101001
0110101100010001
1101000001101011
0000011010110000
1100001100101010
1100010100000111
1111100011000101
0001010111100111
1100001110101001
0101011101111001
0011110110111000
1111011101000010
0001110110111000
0010011000000000
1011110110100100
1111001000111000
1001001110110010
0000000010000111
1001101011000000
1111000111101110
0110011010001011
0110000110111110
0000011010011111
1011100001101101
1010110000101010
1100110011100111
1001110111101010
0001110010000111
1001010111111101
1101101100100110
0100010100110001
0110000011110110
1101101101101011
0100011101101000
0011111011001110
0000101111110010
1110011011100010
1000011010110110
0111001001101101
1000010001100110
0111111101101100
1111001111000001
0011101100001111
0100111011011000
1100000101001110
0010100100000010
0100000001111100
0001010100100000
0011011000010011
1101100100010011
1110001111000110
0011110110110000
0100010110010010
0100010110010000
0010000000110101
0101001101010000
0101110010101000
0110101111110000
0101100110000011
1010011110100010
1111110111100111
1001101111101010
0000001001001000
1111100110001101
0011000101000011
1001111001100011
1101101111110011
1110011010101010
1100101001011111
1110100001101010
1101010010101001
1001100011001100
1000011000111011
0010100011101001
0101110000010001
0001110010111100
1100000001100010
0100111110110101
1000001011101011
0100011010100100
0000101011100001
1000110011011111
0100111001001011
0100000011111011
0100100011100111
1011101100011111
0100110010100100
1110011011010111
1001011000101100
1100001111001110
0000110111111001
0011001011111000
1000010100011001
1001100000010111
0010111001010010
0000001100100001
0010011001110000
0110101101110100
1111100101010000
0010101001000110
0001001100011011
1101100100010111
1110010001010001
0100100100000111
0100001001000010
1100011000011010
0000001100001110
0010010011110100
0110100010001111
0101000001001110
0011111100100111
0110011000000111
1101101010110011
1100100101001001
0101001001011100
1011011100010000
1011001100100000
1010010101111101
0110000010010100
0101111111011111
0111110100100110
1100000100100100
1001101101111000
1110011110100010
0000100010111110
0101111011000111
0101011101000001
0000110000111101
0101111111010111
0011010001011011
0001101001010001
0000011010100011
0111001111101100
1011001010001111
0010110000010000
1110110110000011
1100110011110100
1000100001110000
0100011000011001
1111010011000000
0111000001011011
1101100111100101
0110110000001110
1011101001111011
1011110000010111
0011011001001001
1001000011100011
0100111000100110
0011010110011010
1100000101101000
1001000111001011
1100110000101101
0110011000111001
0111011011111111
0000000101010001
1101001010110100
0101110011110000
1011010101111000
0011111111110101
1000010111000000
0001101101001000
0011000011010001
0000010111100111
1000010010100010
0000001110001001
1011001110011011
1000110000111100
0000101001100011
1101110100100010
1110101111101010
1101011101100111
0010101000010111
1101000001010110
0011101011100011
0010000100100000
1110110000111110
1011011010000101
0111000010101010
0100110110101100
0110100001001011
1101001011001000
0101100011110110
0001101000111100
1001110011111001
1000011000000101
0001101100011101
0011000100111001
0000011111100001
0011011001110001
1000100100110010
1011000101011100
1101111111111001
0101000111000111
1111010100001011
0001101110101101
1001001011110100
0111100101010111
0101011001011101
0110001101101000
1110011101101100
1111001101011110
0010000001010111
0110001111010000
0011100010100101
1011110101100000
1000100111100100
0010100010011100
1011111001111110
0011011000101101
0000110010110111
0011101000010000
1001000011101010
0110111000011111
1101000110100110
1111000100001011
1010110110111010
1001100100001010
0100001100011001
0100111010001001
0000000110010010
0111110000100101
1010111100101110
1110111110110000
1000010011010100
0010110100101000
0010000100011101
0001101010101100
1100001010000001
1101110001001111
0011101010000100
1111110011010010
1101010001100100
0011001000100110
1101000010101100
1111011001110110
0110111110110101
0110000100100100
0001111000110010
0000101100011010
0000101000001100
0000001111100111
0011011111001110
1101011100000101
0001010011101110
1011010010111101
0001001111101011
1101110110011011
0000111111001101
1011111110110000
0100010111110110
1111000100000010
1101010001111110
1110111011101111
1100100101001001
0001110000011011
0010010101110110
0111110010000000
1100000001101001
1101100101011010
0100001001011100
0100000001101011
1100000001111001
1010111000111010
1100101110111101
1001111110011001
0010000101010111
1111110011011110
1110101100111000
0110011100101101
0110101101001011
0010010000110011
0001010110100010
0110100011101011
1011101111111010
1011000111101000
1001001110101100
1111110000011100
1101000001110100
0011011000111101
1000100011010101
1110100101111011
1010011011010001
1111011010100000
0001000000111011
1111111111110110
1101100010110110
1100100010001000
0111011000000000
1001111001001001
1010010001100101
0100110101101111
1111000100101110
0011100110000100
1011101001100001
1110011011110101
0000010011100001
1100100000100100
1111100001110010
0101101011101100
0100011100011010
0010101110000110
1110001110110010
1101100011011011
1100000010111111
0100110110001100
1000111100101011
0100100100010110
1001011100010110
0110111011011111
0100100010100011
0000111001010100
1011101100001001
1111011010001010
1011000011101000
1011110101011101
1101100101101000
0101001111100001
0111011010111110
1100010101001010
1111100110110101
1100111001010100
1010001100011000
1100100011011001
0011110000000111
1111111110111101
0000001100011011
0000100110001101
1010001010111101
0101001000000011
0000001111011111
0111110111010000
0110111111010110
1011110001101100
1011011110011011
1100011011011100
0001101011001101
0111000000100011
1111000101111110
0111100110001001
1000000001111110
0011010000010011
0101101011101011
1110101000001000
1111111110001001
1101010000100110
0001000101101111
1001010100011000
1000010010000111
0010001110000101
1100001111011010
0010110100101111
0110101100000101
0000000101000101
1101100111111011
0010011101011111
0010001001001111
0011100011000110
0101101101010000
1000010001101101
1001101111011110
1111001111000011
0011011001000000
1110110001111100
0100000101110100
0010001100101011
1101000100000110
0011101100000010
0000101101001010
1011100001101010
0110010000110001
0001110111101111
0101001100111110
0001111000011101
1000100011100100
0010100110011101
1011100001011001
0010110001010010
0000111101000110
1101110111001101
1100110101101010
1011010111010010
0100001011011000
1100000010101100
1001010000101011
0100101110001100
0110010101011100
1111111000001001
1101101010010001
1100100101111100
0101011000000000
1110111000110100
0111000100011000
1111101000011010
0010011110111100
1001101110011101
1110110001101101
1110001010000111
1010011101000110
1101110101100001
1001110110010101
1000101110001101
0110011101100101
1101111010101100
1001101101111010
0111101000110001
1110110111010010
0110010100000000
1011001110111110
1001100001110100
0000111100001110
1011111001111000
0110000100100100
0010110000101001
0000110011011101
1001101000110100
0100001000011000
1101011101101000
1111100100110110
0000100010101010
0111110001101011
0101100110001000
1000010000001001
0111111011010110
0000001111011011
1010000101111011
0000100011010011
0101101010100110
1011101111111100
1000100000110110
0001100010101000
1011000111000000
1011100010001110
1101110010000001
0111000100010011
0111101011110010
0100010001010011
1001100010111101
1011100011100011
0111000011100010
0101000110001011
1100100010100000
0001101110100100
1111110000101000
0011110001000101
0001001011110011
0101101010010101
1000011010011111
0011001111111010
0101010010111001
1011101010101111
0111001010101101
0000100100110011
1111010001100011
0011000011011010
1111001110110111
0111101101000101
0010101011000011
0111110100101100
0111001011010010
1001111000100000
0000001101101000
0001111110110111
0111000110100010
1111111000000100
1011110001001100
0110110100101111
1001111010001011
0111010111000100
0100111111101111
0011111110101010
1011110100010100
1011101111100000
0001110100100001
0011000101100011
0001000100001111
0011011011100001
0110000110100010
1110101011111000
0011110100000110
1000110101111111
1110001001110010
0111000110101000
1110001000110011
0101101110101000
0010111101010010
0110011010011000
1001001101010011
0011100000001011
0111001101101110
0110111101001000
0010011001100000
1011110111101100
0101000001010101
0001111001110010
0010110000011000
0110010011011110
1110000011101101
1010100101001111
1101100110011100
0101011101101001
1011000111101001
1111110011101110
1100010100110001
0001110110011011
0110001100110011
1101000000011111
1001110011001000
1010101001110101
1001000011110000
1100111101000001
1000111100101110
0111111011111101
1100110100000110
0001101000001101
0010001011111101
0100001011111011
1010111011110010
0001111111110100
1011011000111010
1000110011110000
1101101110011111
1011110101011111
1111011011100001
1011111110101011
1010000111100001
0101101100010100
0101010110100110
0111101001000000
0001101111000100
1100001101100111
1101110110000000
1001011101011111
0100101111101011
0000111110111111
0101010101001001
1100111001101111
1101111010011101
0001000101000010
0110100010011100
0010010111101011
0110010001001110
1111111010011000
0101001110111111
0010011100110011
0011111001100111
0110001011000011
0110001011110100
0111101001101001
0111111101000001
0110111111001101
1100100000010010
1100011000000101
1011011000100001
1100011001001001
0001011000110110
0001101101110000
0110000101110000
1011011101011110
1010110100011011
0110001010010001
1011000111001110
1000001000110011
0011111011010011
0111010100100010
1000110101000111
1010101110011101
0101011001000100
1111000110101101
1110101011111001
1011010100001100
0100101101000000
0010110011111101
0111000011100001
1110010011000101
1010111111000111
1001101110100111
1111001000100110
0101101110010111
0001110110010110
1010011010110010
1010100110101101
1010000011101100
0100001010110111
0111100011110010
1101000011000011
1110000111100011
1011010010011111
1101100010011000
0010010001111100
1110011111001011
1010000001100011
1000111011101001
0100111000011010
0010001110010111
0111100000000111
1001000101111110
1001111010100011
1000000000110101
1110111001001010
1100101111010010
1111011111111101
1100111111010000
1000000110100010
0000010000100100
0011111011110011
0100011000110011
0000001100001100
1100001101001110
0110110001100110
0001010110011001
0100000011001101
1010010011000010
1001111111001110
1010111011000011
0101111100111000
1111000111000101
1011010101111110
0111011110011010
0011010010110011
0010010011110101
1100100100110110
0000000010001011
0101011111101101
1011111110111111
1001011001010111
1101011001010001
1000111001111110
1101011001111000
1110001100100011
1000010110100001
0001101110101110
1000110110011011
0100010000001111
1101100010001011
0000010101111011
1001001111101000
0010111111110101
1110101000001000
1000001100011001
0000101010101111
0010100001100011
0100000011110011
0010011000000001
0111101010010101
1110011111110110
0101111010111101
1010100101100010
0011111011111011
1011101010100000
0001110010101001
0011010011001110
1111010101101010
1100110001000110
1011001000001000
1110010001100000
1111110101110100
0101000010000100
1001000110011101
1010000100001110
0000100010111001
0101111100111010
0110111101001010
0000001001110100
1110011110111110
0001101100110000
0001100100100100
0010111001000110
0101111011101010
1101010001111010
0110001010100001
1011111000111100
0110100000101110
0110010010111000
1100001011000000
1100100001000010
0010101100100011
0011010101111011
0011101111111000
1011111110011001
1000110101110111
0001100001000110
1000000011110011
1111010001011111
1000101110010011
1000110011011101
1110100010111110
0111110111011101
0100101011111110
1101111110010010
0000111000110000
0000101000110000
1000100101001111
0110010001001101
0001110001100010
0111111110011111
1001011110111110
1111000111011011
0100111010001100
1010111011000100
1111010011001100
1001100100101111
1100101000100000
0001010110000101
1011001011011110
1000100101010101
1110111111011110
1101010100101001
0110000010010000
0001010110000011
1000011001101000
1110111110011010
1111110111011100
0001010011011100
0110000011011001
1010010111011001
1001100110011111
1110000001010100
1011001001000111
0111100100111101
0010100011100001
0000000010001110
0111101011000101
0100010011101010
0111011000011011
1101111000111100
1100001010101111
0010010001010011
1000111111111001
1111000101100011
0111100010001011
1001101111001011
1000000101111110
0010110101011110
0100010000101001
0000110111101100
1001100000101000
1001110101110001
1111001101011000
0010100110001000
0001110100101001
0101010001110011
0110111001000101
0001010010000111
0101110100110001
0001011000000110
1011010101110110
1111110001110000
0011000011111010
0110001011001011
1000110111011000
0010000111101011
0110001001100111
1100001011010001
0111010010110011
1011110101110000
1100010000011000
1111001111101010
0001011000001110
1010111001000011
1011001100101001
0100110111001000
1110111010001111
0101011000101001
0110100011010010
1010010010000111
0101000101111011
0100001111101100
1011110011110111
1010101101001110
0011110101111000
0100101000110000
0110100111001010
1110110100010010
0011011011001110
1001110100101101
1000101000010001
0010100111100001
1001111011000111
1111000000110000
0101111100110111
0110001100100000
1010011000010000
1100000101011101
1010000110101001
0011110011101101
0000010100001000
0111000101110101
0111001100000001
0010010110000011
1000011010010010
1011101011001110
1010100001011001
0010100010010001
0001001001010110
0100110011001110
0111100011111000
0000000011100101
1101010110110011
1100000000001011
1011000111011111
1101100010110101
1111111011001110
1101100111101110
1000100100010011
0000010000001101
0111010010111011
1001001010000101
0001011100101111
1010101000000000
1101101100010000
0001110110101011
1110001010110100
0001000100110111
1001001011110101
1100100011011111
1111111101111001
1101011111011101
1110000111101001
1101110110110100
0010111100000111
0101110100110011
1100110110010101
1110101010000001
0110101010110001
0111100010110010
0101011111001011
0110110110110101
0101110101100110
0111011010100010
1101010111011000
0010101000101110
0001001010101100
1101001000001011
0110011000100011
1000001101101110
0000111001100110
0010101000000110
0111110111001101
1111011000111101
1011111010011100
0000011011100101
1100101110011100
1101101111010110
0101010101101011
0001011011011010
1111101111110111
0001110001111110
1111000100100100
1100001110001111
0100001010110011
1010000010110000
1101000001011011
1010101010000111
0111001101011110
1010110000110001
1110101000100111
1010011100000100
0001000010000111
0000110100001010
1011110011101110
0001100110000101
0010111011011100
1100100000101111
0011110101100110
1010101111111101
0100111111100001
1100110001000000
0001000010110100
1110101010101000
1100101001000010
1101100101000000
1010100101000000
0011000001101000
0101010010111100
1001111011000111
1000101011101111
0110011100101100
1011000100010010
0111100100001101
0000010110110100
0010011101011011
1000001100110001
0110101101110010
0000010110111010
0000001110001101
1000101010100110
1110011000111010
1111010110001000
0110111110000111
0010011000010101
1101001101111010
1010110100011001
1000100100001111
1011110100110000
0100101100010101
1100111101101110
0010011000010100
1010100111010010
0011111110011011
1000011000000100
1000001100001111
1010011011010100
1010010001111000
1111000000110011
0000001100010111
0100011101100010
1101001101110001
0001000000011000
1011101011110010
1000100110110110
0000000011010001
1001011010110000
1011100100010110
1101100100011111
1100101110000110
0010101000000001
1001101000001100
1001100011110010
0000010011110100
0100111011101110
1000111001010001
0101110100101011
1001001010001011
1010110100000101
1011110101110010
0100010011000111
0110010000111011
0010000100011101
0010001100010101
1100110000100100
1101111100100110
1001000100100101
1100100110011110
1100001010110111
1001000001001011
1000100110011001
1100110000011100
0110011001010111
1011110001001011
0010101110110110
1101110001111001
0010000001100011
1010011001110000
1001001111111101
0011101110101001
1011101010101001
0000000010000000
0101111101010101
0001111001100011
1100010110011000
0111101111111111
1010101010110001
1000011111110010
1000010110101110
1101111011110010
1101001000011010
0011000001101011
0100010110001101
0001110011011101
1010111011000100
1111011111011011
1011101011000011
1001000011111101
1101111010001100
0001011000100111
0001100110101111
1110010100100101
0010101110001101
0001101111101110
0011010000100011
1000011011011010
1100101110111111
0010110010110100
1001000000110111
1001111111001110
0010110110111001
0111000110001101
0001101011011110
1111011001001110
1111011011000011
0010110111001010
0011010110110101
0000011011010000
1010011000010001
1001001010111101
0000111111101010
1101001110010100
1011010010010101
0000000010000001
1000000010111011
0000101100110110
1111010111100010
0110001010110011
1100110100011011
0111001101010100
0011000001100001
0110111000001010
0010111100111111
1010011001010000
1011001010110100
0010011001000011
0001110111110110
0010111101001101
0010000111100111
1011000000011001
1101111101110001
0101110110010100
1010011011110001
0011100111110001
0101100000111101
1111011110001001
0101010000011110
1111100100001101
0100000001000100
0110001111111011
0100010110110010
0010111100010011
1011000001110001
0100100001100010
0100110011010101
1111110101000100
1100100000100101
1101101010101111
0001111000111001
0101010111011010
1100101010000101
1010010111000100
1110101110100101
0100111100011011
0011100101101100
0110111110001010
0011011010111111
1111010110101101
1010110101000010
1110101000101100
0100101000101000
1010010010101100
0101000001111111
0111101011101000
0000011000110001
0010101000110101
1110011000001101
0110101000001011
1100110010010100
0000001001010101
0111100111110010
0010110100111100
0100000000010000
1010111111100110
0101011111010111
0001110011001100
1100001001100001
1011000000010101
1101010001110011
1001000101110101
0100100100001110
0000000110011010
0101001011000001
0100100100001011
0110111110011011
0010001001001010
0101110100100000
1001110101101111
0111011010010011
0111111101101100
0010111111111101
0111100000010000
0001111101010111
1011000101111111
1011110101100011
1010000001110001
0100111001110101
0101101010100010
1110110110000100
1001101100001100
0001001010101110
0100010000001111
0111100010011011
1000010110011011
1000101111110101
1101100011110110
0100010110111100
0111101011010101
0101101001010111
0001101111001111
0100101110011100
1001000100100100
0011001011110100
1000111001100110
0101001001100110
0111110111101100
0011111111100000
0110111001110100
1101100010010010
0111001100111011
0100110111111010
0100100010100100
1101111110100001
1010111100100010
0101100000110011
1101001011111010
1110100001100000
0100101010001111
0110100010101001
1111011000011010
0100011101001011
0010011100001011
0000000010010110
1000101010100101
0001001011010001
0100001010000001
0000011000100100
0110011001000011
0110101110111111
1001100100010001
0000101101010100
1001110100101011
0001101001000010
0100110100011011
1111001011101111
0101001111110011
0111000110100101
1000100000001010
0111011011110011
0011100101110101
0000010000110001
0100101010010000
0010110100111101
1100110101010000
0101101100011111
1100111101110110
1011100000101001
0010010000110100
0100110000100011
0000010100001010
0010101111100111
0110001111110100
1011000000101001
1101101110101001
1000001000110011
1010100111101110
1010110100111101
1100001010010001
0111111000001100
1101011101010100
1011101011101111
1001101111010111
1011110101100001
0000111000000101
0101101110111010
1000011110100010
0100000101100100
1100100101101010
0111110010110001
0111010011001110
0101111000110111
1010000100010101
1100110000101000
0011111011011001
1010100011001001
1001000110011100
1001000111000000
1000111101000010
1000110110111000
1000101101000111
0100111001100100
1001100111101011
1010111011110000
0101100011110110
1010110101101101
1010001011011100
1100000011111000
1100000111010001
0101000110000000
1011100100000101
0011000111001011
0010000101000111
1010111111110100
1011111101101111
1111111001001000
1100011001000110
0000110011101000
1011001011011100
1110001100100101
0000111010110111
0001110100010001
0011001011111011
0100111011101101
1111001100101010
1001010000001110
0000111111000011
1101000111110100
0010111100111010
1001110001010000
0100111101111010
1101101101111111
0111100110101110
1111001110011111
1000001011110101
0000011100001000
1110000011111111
0111000001000100
0101000011011110
0111001101101100
1000100110010110
0001010110111111
0001101101101001
1101010111110110
1000101111101011
0100101111111101
1110101010010010
0000001101010000
1111001111101011
1000100110111010
1100000100000111
1011000100011010
0000011011111101
0001100111110011
1000001100010100
1010101111111010
1110010001001001
0011011010001011
0111011010001000
0000001001100010
1100110010100110
1001001111010101
1000011010011110
1110101100111110
0110100110100010
1100011110011111
1111010101001110
1101110100011001
0001010111111110
0100010100111000
1111100000100011
0100110001110011
0010010010011111
0110010100110000
0111110011000000
1100101100101101
1111010110111011
0111011000110000
1101011001010001
0000100000101110
1110110000011001
0111110111001010
0011110110110101
1111001000101000
1101100101011111
1011001110100000
0010000111101100
1001001101100011
1001101000010011
1101100111111001
1000001010010010
1100111011111001
0011100101100010
0011101001111001
0010110000101000
0110111010001111
0110101101000011
1001010100000100
0010100101100100
0100110000101010
0000001000110000
1000111101011110
0110011000111000
0110001110001000
1111101110001011
1100011000010100
1110010110001110
0001010001000100
0110000100111101
0010100011010101
0001100101010100
0111110101000000
1010111011000101
1101011011111110
0101010101100100
1111101011110110
0001110111000110
1100000111001101
1010110011000011
0111100000100001
1101000110101111
1000011011110110
0001011101010001
0110011000111110
0001010001001010
0100100101000111
1011111100100100
0001101000100101
0000010010011000
1010011000011000
0110100110100001
0100010010001010
0000111010111101
1100011010011001
1111000010101010
1111000111100100
0100110010110100
1001101101011110
1110100110100011
0110001111111110
1010010110101100
1111010100110000
0000111010010011
1010001001001001
1011010011011101
0010000110101111
1000001101000011
1010001011111010
0111001001011000
0010100101000111
0000001010100010
0000101010101001
1100010001010111
0100010111001101
1111100110110001
0100110010011110
1010000111010011
1010001100001101
0010000001101011
1001010000101101
0111110000101011
1110000000001111
0110000110000101
1100111101011101
0110011010101110
0101000100101100
1000010010111011
0111111111111000
0001000001101101
0101110111010001
0101011101111011
1011111100001111
1000010100110001
1101011010010011
0010111010010111
0000111100110010
0110100010011011
1010110100011110
1110110111000110
0111111011101100
1101011001011110
1110111101001011
1100101010010010
1101011000100011
0111110011111011
0101100100010000
0111101110100111
1001001111110000
1000000000011000
1010101100010100
1100111001101101
0101000011110001
1100111100001001
1100010010000100
0010000100001010
1110101101100010
1000110100111011
1100010010001111
1000100111100100
1110101010110100
0011001001100110
0101000011010011
0101100001110011
0011010000001011
1111101001110010
0001001110010010
1001101001100110
1010110111100000
0111100111011100
1001101110001001
0010000111001101
1111100110110001
1010001011000011
1010111000010111
1001111110011011
1111111111111001
1000010011000110
0110110110111101
1000000001011000
1111111011000000
0011010000110000
1110110010011110
0110111001000000
0010110101010111
0101001111010001
0000010011100110
1001111010100111
0101110001101101
0010000011010000
0101101110111111
1010011111110001
0011011101000000
0001001101010000
0100011000000111
0110101000101001
0100010001110001
1011011111011100
0111010010111001
0110101001111001
1111110010010101
1011011100110001
0100000101100011
0000001011111011
0110000111101111
1110011101111111
1011000011100001
1000000100011111
1010000101001010
0111111000110101
0011101011110000
1000000001100000
0011011110001100
1001001010100111
0111110010001100
1101110000011000
0001011111011010
1111010010010110
0100011111000101
0001000001011111
0110100101101100
1101101110011000
1001110100101010
0110101011000100
0011111100001111
1011100011010111
1000111010000000
0101100010100110
0001011000110010
1010100101000111
1011010111100001
0010100110110100
1110010111001000
1000110000000010
0111111010110111
1111010010101111
0001100111101110
1101101101110100
1011101111101100
0010110101101000
0111110000010010
1101000011011110
0101010110001001
0000001111110001
1101010111111000
1100000100100111
0000100000001000
0111011100010000
1011001100111001
0001110011101111
0111110000101001
0010000100001111
0100111000100101
1101101010101100
1111001010011001
0110100010011110
0101010001101100
0111110101100000
1100011110011110
0111011010111100
1100001010100110
0011011100011100
1010000101100000
0111011101000011
1111110111010101
1010111100110011
1001100011110101
1010001100011011
1100001011000111
1001010100111101
1100110111000011
1001111010010001
1001111100101100
0111101111001011
1100110001101100
1110011100111001
0111000111100000
0101110011000101
1110101100001111
0011001101000011
0001110001110110
1000110111101111
0110110011110000
1101100111000100
0110110101100011
1100101000001111
0001111000111101
0010111000101111
0010010011001100
1100000010000010
0000001000001111
0011000110001001
1101110101101110
0111011011110011
1110110110100110
1001111111001111
0101100000011011
1110111110101111
1000110010000000
0011001001000000
0010011110010110
0000000110010001
1111001101100100
0100010101111010
1011101100101000
0001000010100111
1110010001110100
1010011000011110
0001011011101110
0101111010100111
0111101010101011
0110100011111111
1000100001000100
0110001110100111
1001011010110100
0101000011110001
0110011101001010
1111011010110110
0010101110101110
1011100011001111
0010110010010010
1010101001000100
0100111011100000
1101111011010100
0011011001010111
1100100101011101
1001100111000101
1010000010111000
1000000011001101
1100011011100111
0000010010100000
0101111100111111
1010110011110011
1011000001101001
0001100111110011
1101111110101011
1011011101111010
0100100110011001
1110010011001010
1010111110100011
0001011011111001
0001011010010000
0110101011010111
1000101110100101
0010100010000101
0011100100011110
1101110001000100
0100110101001100
1011111010110011
0110100111001010
0010101110101110
1110100001011010
0011011111101001
0101001110111011
0110111111010111
1000111100011010
0110100010100100
0001100110001110
1010000011010111
0110110111110010
1001100000000111
1100010110101000
1001101011011101
0110000011101000
1000010100111011
0101101101000100
1101000000100011
1110010000011110
0111010011110011
0100101000011111
0101001000110111
0110101000111100
0010000101111111
0100011000101111
1110110101111001
0010010000100101
0011110011110100
0110011100011101
0101111100110110
0111000011110111
1000101010000110
1011110110000011
1100010000110111
1011000110101001
0010101010100110
1001001101101110
0101111010011011
0001011000001010
0010101111110011
1100010111101110
0011011110111100
1110110111010011
1000011001011110
1111001010101000
0010100101111110
1010100110001000
0111111000011100
0011101000001111
0110110000100100
0011000010011110
1010000110110000
1011101101011101
1111011110011000
0101000111111111
1010100000011000
0000101011011101
0100000001000010
1001001010101110
1011111110101111
0011001010011111
1110101010011011
0001000011010101
0010100100011110
1111011010110010
0000101101000100
0000110010101101
1101110001001101
1011011111111111
0100010000110001
0110000110111101
0100000011111011
0001101101111001
1000111100000001
1011110001100010
1001000111100001
1001001000111010
1011000100001000
1110000010010001
1110011001001101
0110011000111100
0100001100100111
1100000100110110
